11039999	-nan
11039999	7.61834
11039999	7.46949
11815998	5.65738
568000	5.68842
1111999	4.66711
568000	4.69336
543999	4.6753
543999	3.43556
543999	2.73141
543999	2.27785
543999	1.96132
543999	1.72787
543999	1.54858
543999	1.40657
543999	1.2913
543999	1.19588
543999	1.11557
543999	1.04706
543999	0.987921
543999	0.936353
543999	0.890991
543999	0.850779
543999	0.814885
648000	0.78265
543999	0.755112
543999	0.728789
543999	0.704635
543999	0.682527
543999	0.662215
543999	0.643488
543999	0.626169
543999	0.610103
543999	0.595161
543999	0.581227
543999	0.568203
543999	0.556003
543999	0.544551
543999	0.533781
543999	0.523632
543999	0.514054
543999	0.504998
543999	0.496424
543999	0.488294
648000	0.480574
543999	0.474064
543999	0.467111
543999	0.460432
543999	0.454059
543999	0.447972
543999	0.442151
543999	0.43658
543999	0.431244
543999	0.426126
543999	0.421215
543999	0.416498
543999	0.411964
543999	0.407602
543999	0.403403
543999	0.399358
543999	0.395458
543999	0.391695
543999	0.388064
543999	0.384556
648000	0.381166
543999	0.378451
543999	0.375299
543999	0.372219
543999	0.369236
543999	0.366346
543999	0.363543
543999	0.360825
543999	0.358187
543999	0.355626
543999	0.353138
543999	0.350721
543999	0.348371
543999	0.346086
543999	0.343864
543999	0.3417
543999	0.339594
543999	0.337543
543999	0.335545
543999	0.333598
648000	0.331699
543999	0.330274
543999	0.328482
543999	0.326715
543999	0.324989
543999	0.323305
543999	0.321659
543999	0.320052
543999	0.318482
543999	0.316947
543999	0.315446
543999	0.313978
543999	0.312542
543999	0.311138
543999	0.309763
543999	0.308417
543999	0.3071
543999	0.30581
543999	0.304546
543999	0.303308
648000	0.302095
543999	0.301249
543999	0.300093
543999	0.298947
543999	0.297823
543999	0.29672
543999	0.295638
543999	0.294576
543999	0.293534
543999	0.292511
543999	0.291507
543999	0.290521
543999	0.289553
543999	0.288602
543999	0.287668
543999	0.28675
543999	0.285847
543999	0.284961
543999	0.284089
543999	0.283232
648000	0.28239
543999	0.281848
543999	0.281041
543999	0.280237
543999	0.279446
543999	0.278668
543999	0.277902
551999	0.277148
551999	0.276427
551999	0.275718
551999	0.275019
551999	0.274332
551999	0.273655
551999	0.272988
551999	0.272331
551999	0.271683
551999	0.271046
551999	0.270417
551999	0.269798
551999	0.269188
656000	0.268587
551999	0.26824
551999	0.267663
551999	0.267085
551999	0.266515
551999	0.265952
551999	0.265398
551999	0.264851
551999	0.264311
551999	0.263779
551999	0.263254
551999	0.262736
551999	0.262224
551999	0.26172
551999	0.261222
551999	0.26073
551999	0.260245
551999	0.259766
551999	0.259293
551999	0.258826
656000	0.258364
551999	0.258125
551999	0.257681
551999	0.257236
551999	0.256796
551999	0.256361
551999	0.255931
551999	0.255507
551999	0.255087
551999	0.254673
551999	0.254263
551999	0.253858
551999	0.253458
551999	0.253063
551999	0.252672
551999	0.252286
551999	0.251904
551999	0.251526
551999	0.251153
551999	0.250784
656000	0.250419
551999	0.25025
551999	0.249898
551999	0.249544
551999	0.249194
551999	0.248847
551999	0.248504
551999	0.248165
551999	0.24783
551999	0.247498
551999	0.247169
551999	0.246844
551999	0.246522
551999	0.246204
551999	0.245889
551999	0.245577
551999	0.245269
551999	0.244963
551999	0.244661
551999	0.244361
656000	0.244065
551999	0.243945
551999	0.243659
551999	0.243371
551999	0.243085
551999	0.242802
551999	0.242522
551999	0.242245
551999	0.24197
551999	0.241698
551999	0.241429
551999	0.241162
551999	0.240897
551999	0.240635
551999	0.240376
551999	0.240119
551999	0.239864
551999	0.239612
551999	0.239362
551999	0.239114
656000	0.238869
551999	0.238783
551999	0.238546
551999	0.238307
551999	0.238069
551999	0.237834
551999	0.237601
551999	0.23737
551999	0.23714
551999	0.236913
551999	0.236688
551999	0.236465
551999	0.236244
551999	0.236024
551999	0.235807
551999	0.235591
551999	0.235377
551999	0.235165
551999	0.234955
551999	0.234746
656000	0.23454
551999	0.234479
551999	0.23428
551999	0.234078
551999	0.233877
551999	0.233678
551999	0.233481
551999	0.233285
551999	0.233091
551999	0.232898
551999	0.232707
551999	0.232518
551999	0.23233
551999	0.232143
551999	0.231958
551999	0.231774
551999	0.231592
551999	0.231412
551999	0.231232
551999	0.231054
656000	0.230878
551999	0.230836
551999	0.230666
551999	0.230493
551999	0.230321
551999	0.23015
551999	0.229981
551999	0.229813
551999	0.229647
551999	0.229481
551999	0.229317
551999	0.229154
551999	0.228992
551999	0.228832
551999	0.228672
551999	0.228514
551999	0.228357
551999	0.228201
551999	0.228046
551999	0.227892
656000	0.227739
551999	0.227712
551999	0.227565
551999	0.227415
551999	0.227266
551999	0.227119
551999	0.226972
551999	0.226826
551999	0.226681
551999	0.226538
551999	0.226395
551999	0.226253
551999	0.226112
551999	0.225973
551999	0.225834
551999	0.225696
551999	0.225559
551999	0.225423
551999	0.225288
551999	0.225154
656000	0.22502
551999	0.225004
551999	0.224875
551999	0.224744
551999	0.224614
551999	0.224485
551999	0.224356
551999	0.224229
551999	0.224102
551999	0.223976
551999	0.22385
551999	0.223726
551999	0.223602
551999	0.22348
551999	0.223358
551999	0.223236
551999	0.223116
551999	0.222996
551999	0.222877
551999	0.222759
656000	0.222641
551999	0.222633
551999	0.22252
568000	0.222405
551999	0.222306
568000	0.222192
551999	0.222095
568000	0.221983
568000	0.221887
568000	0.221792
568000	0.221698
568000	0.221604
568000	0.221511
568000	0.221419
568000	0.221327
568000	0.221235
568000	0.221145
568000	0.221054
568000	0.220964
568000	0.220875
671999	0.220786
568000	0.220801
568000	0.220716
568000	0.220628
568000	0.220541
568000	0.220455
568000	0.220369
568000	0.220283
568000	0.220198
568000	0.220114
568000	0.22003
568000	0.219946
568000	0.219863
568000	0.21978
568000	0.219698
568000	0.219617
568000	0.219535
568000	0.219455
568000	0.219374
568000	0.219294
671999	0.219215
568000	0.219233
568000	0.219157
568000	0.219078
568000	0.219001
568000	0.218923
568000	0.218846
568000	0.218769
568000	0.218693
568000	0.218617
568000	0.218542
568000	0.218467
568000	0.218392
568000	0.218318
568000	0.218244
568000	0.218171
568000	0.218098
568000	0.218025
568000	0.217953
568000	0.217881
671999	0.217809
568000	0.21783
568000	0.217761
568000	0.217691
568000	0.217621
568000	0.217551
568000	0.217481
568000	0.217412
568000	0.217343
568000	0.217275
568000	0.217207
568000	0.217139
568000	0.217071
568000	0.217004
568000	0.216938
568000	0.216871
568000	0.216805
568000	0.216739
568000	0.216674
568000	0.216609
671999	0.216544
568000	0.216567
568000	0.216505
568000	0.216441
568000	0.216377
568000	0.216314
568000	0.216251
568000	0.216188
568000	0.216126
568000	0.216064
568000	0.216002
568000	0.21594
568000	0.215879
568000	0.215818
568000	0.215757
568000	0.215697
568000	0.215637
568000	0.215577
568000	0.215518
568000	0.215459
671999	0.2154
568000	0.215424
568000	0.215368
568000	0.21531
568000	0.215252
568000	0.215194
568000	0.215136
568000	0.215079
568000	0.215022
568000	0.214966
568000	0.214909
568000	0.214853
568000	0.214797
568000	0.214742
568000	0.214686
568000	0.214631
568000	0.214576
568000	0.214522
568000	0.214467
568000	0.214413
671999	0.214359
568000	0.214385
568000	0.214334
568000	0.21428
568000	0.214227
568000	0.214174
568000	0.214122
568000	0.214069
568000	0.214017
568000	0.213965
568000	0.213914
568000	0.213862
568000	0.213811
568000	0.21376
568000	0.213709
568000	0.213659
568000	0.213609
568000	0.213558
568000	0.213509
568000	0.213459
671999	0.213409
568000	0.213436
568000	0.213389
568000	0.21334
568000	0.213291
568000	0.213243
568000	0.213194
568000	0.213146
568000	0.213098
568000	0.213051
568000	0.213003
568000	0.212956
568000	0.212909
568000	0.212862
568000	0.212815
568000	0.212769
568000	0.212722
568000	0.212676
568000	0.21263
568000	0.212584
671999	0.212539
568000	0.212566
568000	0.212523
568000	0.212478
568000	0.212433
568000	0.212388
568000	0.212343
568000	0.212299
568000	0.212255
568000	0.212211
568000	0.212167
568000	0.212123
568000	0.21208
568000	0.212036
568000	0.211993
568000	0.21195
568000	0.211908
568000	0.211865
568000	0.211822
568000	0.21178
671999	0.211738
568000	0.211766
568000	0.211726
568000	0.211684
568000	0.211643
568000	0.211601
568000	0.21156
568000	0.211519
568000	0.211478
568000	0.211437
568000	0.211396
568000	0.211356
568000	0.211316
568000	0.211275
568000	0.211235
568000	0.211196
568000	0.211156
568000	0.211116
568000	0.211077
568000	0.211038
671999	0.210999
568000	0.211027
568000	0.21099
568000	0.210951
568000	0.210913
568000	0.210874
568000	0.210836
568000	0.210798
568000	0.21076
568000	0.210722
568000	0.210684
568000	0.210646
568000	0.210609
568000	0.210572
568000	0.210534
568000	0.210497
568000	0.210461
568000	0.210424
568000	0.210387
568000	0.210351
671999	0.210314
568000	0.210343
568000	0.210308
568000	0.210272
568000	0.210236
568000	0.210201
568000	0.210165
568000	0.210129
568000	0.210094
568000	0.210059
568000	0.210023
568000	0.209988
568000	0.209954
568000	0.209919
568000	0.209884
568000	0.20985
568000	0.209815
568000	0.209781
568000	0.209747
568000	0.209713
671999	0.209679
568000	0.209707
568000	0.209675
568000	0.209642
568000	0.209608
568000	0.209575
568000	0.209541
568000	0.209508
568000	0.209475
568000	0.209442
568000	0.209409
568000	0.209377
568000	0.209344
568000	0.209311
568000	0.209279
568000	0.209247
568000	0.209215
568000	0.209183
568000	0.209151
568000	0.209119
671999	0.209087
568000	0.209116
568000	0.209086
568000	0.209054
568000	0.209023
568000	0.208992
568000	0.20896
568000	0.208929
568000	0.208898
568000	0.208868
568000	0.208837
568000	0.208806
568000	0.208776
568000	0.208745
568000	0.208715
568000	0.208685
568000	0.208654
568000	0.208624
568000	0.208594
568000	0.208565
671999	0.208535
568000	0.208563
568000	0.208535
568000	0.208506
568000	0.208476
568000	0.208447
568000	0.208418
568000	0.208389
568000	0.20836
568000	0.208331
568000	0.208302
568000	0.208273
568000	0.208244
568000	0.208216
568000	0.208187
568000	0.208159
568000	0.208131
568000	0.208102
568000	0.208074
568000	0.208046
671999	0.208018
568000	0.208047
568000	0.208021
568000	0.207993
568000	0.207965
568000	0.207938
568000	0.20791
568000	0.207883
568000	0.207855
568000	0.207828
568000	0.207801
568000	0.207774
568000	0.207747
568000	0.20772
568000	0.207693
568000	0.207666
568000	0.20764
568000	0.207613
568000	0.207587
568000	0.20756
671999	0.207534
568000	0.207562
568000	0.207538
568000	0.207512
568000	0.207486
568000	0.20746
568000	0.207434
568000	0.207408
568000	0.207382
568000	0.207356
568000	0.207331
568000	0.207305
568000	0.20728
568000	0.207255
568000	0.207229
568000	0.207204
568000	0.207179
568000	0.207154
568000	0.207129
568000	0.207104
671999	0.207079
568000	0.207107
568000	0.207084
568000	0.207059
568000	0.207035
568000	0.20701
568000	0.206986
568000	0.206962
568000	0.206937
568000	0.206913
568000	0.206889
568000	0.206865
568000	0.206841
568000	0.206817
568000	0.206793
568000	0.206769
568000	0.206745
568000	0.206722
568000	0.206698
568000	0.206675
671999	0.206651
568000	0.206679
568000	0.206657
568000	0.206634
568000	0.206611
568000	0.206587
568000	0.206564
568000	0.206541
568000	0.206518
568000	0.206495
568000	0.206472
568000	0.20645
568000	0.206427
568000	0.206404
568000	0.206382
568000	0.206359
576000	0.206337
568000	0.206318
576000	0.206296
576000	0.206278
680000	0.206259
576000	0.206291
576000	0.206274
576000	0.206256
576000	0.206238
576000	0.20622
576000	0.206202
576000	0.206184
576000	0.206166
576000	0.206148
576000	0.20613
576000	0.206112
576000	0.206095
576000	0.206077
576000	0.206059
576000	0.206042
576000	0.206024
576000	0.206007
576000	0.205989
576000	0.205972
680000	0.205955
576000	0.205986
576000	0.20597
576000	0.205953
576000	0.205935
576000	0.205918
576000	0.205901
576000	0.205884
576000	0.205867
576000	0.20585
576000	0.205833
576000	0.205816
576000	0.205799
576000	0.205783
576000	0.205766
576000	0.205749
576000	0.205732
576000	0.205716
576000	0.205699
576000	0.205683
680000	0.205666
576000	0.205697
576000	0.205682
576000	0.205666
576000	0.205649
576000	0.205633
576000	0.205617
576000	0.2056
576000	0.205584
576000	0.205568
576000	0.205552
576000	0.205536
576000	0.20552
576000	0.205504
576000	0.205488
576000	0.205472
576000	0.205456
576000	0.20544
576000	0.205425
576000	0.205409
680000	0.205393
576000	0.205424
576000	0.205409
576000	0.205394
576000	0.205378
576000	0.205363
576000	0.205347
576000	0.205332
576000	0.205316
576000	0.205301
576000	0.205285
576000	0.20527
576000	0.205255
576000	0.20524
576000	0.205224
576000	0.205209
576000	0.205194
576000	0.205179
576000	0.205164
576000	0.205149
680000	0.205134
576000	0.205164
576000	0.20515
576000	0.205136
576000	0.205121
576000	0.205106
576000	0.205091
576000	0.205076
576000	0.205062
576000	0.205047
576000	0.205032
576000	0.205018
576000	0.205003
576000	0.204989
576000	0.204974
576000	0.20496
576000	0.204945
576000	0.204931
576000	0.204917
576000	0.204902
680000	0.204888
576000	0.204918
576000	0.204905
576000	0.20489
576000	0.204876
576000	0.204862
576000	0.204848
576000	0.204834
576000	0.20482
576000	0.204806
576000	0.204792
576000	0.204778
576000	0.204764
576000	0.20475
576000	0.204736
576000	0.204723
576000	0.204709
576000	0.204695
576000	0.204681
576000	0.204668
680000	0.204654
576000	0.204683
576000	0.204671
576000	0.204657
576000	0.204644
576000	0.20463
576000	0.204617
576000	0.204603
576000	0.20459
576000	0.204576
576000	0.204563
576000	0.20455
576000	0.204536
576000	0.204523
576000	0.20451
576000	0.204497
576000	0.204484
576000	0.20447
576000	0.204457
576000	0.204444
680000	0.204431
576000	0.20446
576000	0.204448
576000	0.204435
576000	0.204422
576000	0.204409
576000	0.204396
576000	0.204383
576000	0.20437
576000	0.204358
576000	0.204345
576000	0.204332
576000	0.204319
576000	0.204307
576000	0.204294
576000	0.204281
576000	0.204269
576000	0.204256
576000	0.204244
576000	0.204231
680000	0.204219
576000	0.204247
576000	0.204235
576000	0.204223
576000	0.204211
576000	0.204198
576000	0.204186
576000	0.204174
576000	0.204161
576000	0.204149
576000	0.204137
576000	0.204124
576000	0.204112
576000	0.2041
576000	0.204088
576000	0.204076
576000	0.204064
576000	0.204052
576000	0.20404
576000	0.204028
680000	0.204016
576000	0.204044
576000	0.204033
576000	0.204021
576000	0.204009
576000	0.203997
576000	0.203985
576000	0.203973
576000	0.203961
576000	0.20395
576000	0.203938
576000	0.203926
576000	0.203915
576000	0.203903
576000	0.203891
576000	0.20388
576000	0.203868
576000	0.203856
576000	0.203845
576000	0.203833
680000	0.203822
576000	0.203849
576000	0.203839
576000	0.203827
576000	0.203816
576000	0.203805
576000	0.203793
576000	0.203782
576000	0.203771
576000	0.203759
576000	0.203748
576000	0.203737
576000	0.203725
576000	0.203714
576000	0.203703
576000	0.203692
576000	0.203681
576000	0.20367
576000	0.203659
576000	0.203648
680000	0.203637
576000	0.203663
576000	0.203653
576000	0.203642
576000	0.203632
576000	0.203621
576000	0.20361
576000	0.203599
576000	0.203588
576000	0.203577
576000	0.203566
576000	0.203555
576000	0.203544
576000	0.203534
576000	0.203523
576000	0.203512
576000	0.203502
576000	0.203491
576000	0.20348
576000	0.20347
680000	0.203459
576000	0.203486
576000	0.203476
576000	0.203465
576000	0.203455
576000	0.203444
576000	0.203434
576000	0.203423
576000	0.203413
576000	0.203402
576000	0.203392
576000	0.203382
576000	0.203371
576000	0.203361
576000	0.20335
576000	0.20334
576000	0.20333
576000	0.20332
576000	0.203309
576000	0.203299
680000	0.203289
576000	0.203315
576000	0.203306
576000	0.203296
576000	0.203285
576000	0.203275
576000	0.203265
576000	0.203255
576000	0.203245
576000	0.203235
576000	0.203225
576000	0.203215
576000	0.203205
576000	0.203195
576000	0.203185
576000	0.203175
576000	0.203165
576000	0.203155
576000	0.203145
576000	0.203135
680000	0.203126
576000	0.203152
576000	0.203143
576000	0.203133
576000	0.203123
576000	0.203113
576000	0.203104
576000	0.203094
576000	0.203084
576000	0.203074
576000	0.203065
576000	0.203055
576000	0.203045
576000	0.203036
576000	0.203026
576000	0.203017
576000	0.203007
576000	0.202998
576000	0.202988
576000	0.202978
680000	0.202969
576000	0.202994
576000	0.202986
576000	0.202977
576000	0.202967
576000	0.202958
576000	0.202948
576000	0.202939
576000	0.202929
576000	0.20292
576000	0.202911
576000	0.202901
576000	0.202892
576000	0.202883
576000	0.202874
576000	0.202864
576000	0.202855
576000	0.202846
576000	0.202837
576000	0.202828
680000	0.202818
576000	0.202844
576000	0.202835
576000	0.202826
576000	0.202817
576000	0.202808
576000	0.202799
576000	0.20279
576000	0.202781
576000	0.202772
576000	0.202763
576000	0.202754
576000	0.202745
576000	0.202736
576000	0.202727
576000	0.202718
576000	0.202709
576000	0.2027
576000	0.202691
576000	0.202683
680000	0.202674
576000	0.202699
576000	0.202691
576000	0.202682
576000	0.202673
576000	0.202664
576000	0.202656
576000	0.202647
576000	0.202638
576000	0.202629
576000	0.202621
576000	0.202612
576000	0.202603
576000	0.202595
576000	0.202586
576000	0.202577
576000	0.202569
576000	0.20256
576000	0.202552
576000	0.202543
680000	0.202535
576000	0.202559
576000	0.202551
576000	0.202543
576000	0.202534
576000	0.202526
576000	0.202517
576000	0.202509
576000	0.2025
576000	0.202492
576000	0.202484
576000	0.202475
576000	0.202467
576000	0.202459
576000	0.20245
576000	0.202442
576000	0.202434
576000	0.202425
576000	0.202417
576000	0.202409
680000	0.2024
576000	0.202425
576000	0.202417
576000	0.202409
576000	0.202401
576000	0.202393
576000	0.202384
576000	0.202376
576000	0.202368
576000	0.20236
576000	0.202352
576000	0.202344
576000	0.202335
576000	0.202327
576000	0.202319
576000	0.202311
576000	0.202303
576000	0.202295
576000	0.202287
576000	0.202279
680000	0.202271
576000	0.202295
576000	0.202288
576000	0.20228
576000	0.202272
576000	0.202264
576000	0.202256
576000	0.202248
576000	0.20224
576000	0.202232
576000	0.202225
576000	0.202217
576000	0.202209
576000	0.202201
576000	0.202193
576000	0.202185
576000	0.202178
576000	0.20217
576000	0.202162
576000	0.202154
680000	0.202147
576000	0.20217
576000	0.202163
576000	0.202156
576000	0.202148
576000	0.20214
576000	0.202132
576000	0.202125
576000	0.202117
576000	0.202109
576000	0.202102
576000	0.202094
576000	0.202087
576000	0.202079
576000	0.202072
576000	0.202064
576000	0.202056
576000	0.202049
576000	0.202041
576000	0.202034
680000	0.202026
576000	0.20205
576000	0.202043
576000	0.202035
576000	0.202028
576000	0.202021
576000	0.202013
576000	0.202006
576000	0.201998
576000	0.201991
576000	0.201983
576000	0.201976
576000	0.201969
576000	0.201961
576000	0.201954
576000	0.201947
576000	0.201939
576000	0.201932
576000	0.201925
576000	0.201918
680000	0.20191
576000	0.201933
576000	0.201927
576000	0.20192
576000	0.201912
576000	0.201905
576000	0.201898
576000	0.201891
576000	0.201883
576000	0.201876
576000	0.201869
576000	0.201862
576000	0.201855
576000	0.201848
576000	0.201841
576000	0.201833
576000	0.201826
576000	0.201819
576000	0.201812
576000	0.201805
680000	0.201798
576000	0.201821
576000	0.201815
576000	0.201807
576000	0.2018
576000	0.201793
576000	0.201786
576000	0.201779
576000	0.201773
576000	0.201766
576000	0.201759
576000	0.201752
576000	0.201745
576000	0.201738
576000	0.201731
680000	0.201724
576000	0.201746
576000	0.20174
576000	0.201733
576000	0.201727
576000	0.20172
576000	0.201713
576000	0.201706
576000	0.201699
576000	0.201692
576000	0.201686
576000	0.201679
576000	0.201672
576000	0.201665
576000	0.201658
576000	0.201652
576000	0.201645
576000	0.201638
576000	0.201632
576000	0.201625
680000	0.201618
576000	0.20164
576000	0.201634
576000	0.201628
576000	0.201621
576000	0.201614
576000	0.201608
576000	0.201601
576000	0.201594
576000	0.201588
576000	0.201581
576000	0.201575
576000	0.201568
576000	0.201561
576000	0.201555
576000	0.201548
576000	0.201542
576000	0.201535
576000	0.201529
576000	0.201522
680000	0.201516
576000	0.201538
576000	0.201532
576000	0.201525
576000	0.201519
576000	0.201512
576000	0.201506
576000	0.2015
576000	0.201493
576000	0.201487
576000	0.20148
576000	0.201474
576000	0.201467
576000	0.201461
576000	0.201455
576000	0.201448
576000	0.201442
576000	0.201436
576000	0.201429
576000	0.201423
680000	0.201417
576000	0.201438
576000	0.201433
576000	0.201426
576000	0.20142
576000	0.201414
576000	0.201407
576000	0.201401
576000	0.201395
576000	0.201389
576000	0.201382
576000	0.201376
576000	0.20137
576000	0.201364
576000	0.201358
576000	0.201351
576000	0.201345
576000	0.201339
576000	0.201333
576000	0.201327
680000	0.201321
576000	0.201342
576000	0.201336
576000	0.20133
576000	0.201324
576000	0.201318
576000	0.201312
576000	0.201306
576000	0.2013
576000	0.201294
576000	0.201288
576000	0.201282
576000	0.201276
576000	0.20127
576000	0.201263
576000	0.201257
576000	0.201251
576000	0.201245
576000	0.201239
576000	0.201233
680000	0.201228
576000	0.201249
576000	0.201243
576000	0.201237
576000	0.201231
576000	0.201225
576000	0.201219
576000	0.201214
576000	0.201208
576000	0.201202
576000	0.201196
576000	0.20119
576000	0.201184
576000	0.201178
576000	0.201172
576000	0.201166
576000	0.201161
576000	0.201155
576000	0.201149
576000	0.201143
680000	0.201137
576000	0.201158
576000	0.201153
576000	0.201147
576000	0.201141
576000	0.201136
576000	0.20113
576000	0.201124
576000	0.201118
576000	0.201112
576000	0.201107
576000	0.201101
576000	0.201095
576000	0.20109
576000	0.201084
576000	0.201078
576000	0.201072
576000	0.201067
576000	0.201061
576000	0.201055
680000	0.20105
576000	0.20107
576000	0.201065
576000	0.20106
576000	0.201054
576000	0.201048
576000	0.201043
576000	0.201037
576000	0.201032
576000	0.201026
576000	0.20102
576000	0.201015
576000	0.201009
576000	0.201004
576000	0.200998
576000	0.200992
576000	0.200987
576000	0.200981
576000	0.200976
576000	0.20097
680000	0.200965
576000	0.200985
576000	0.20098
576000	0.200975
576000	0.200969
576000	0.200964
576000	0.200958
576000	0.200953
576000	0.200947
576000	0.200942
576000	0.200936
576000	0.200931
576000	0.200926
576000	0.20092
576000	0.200915
576000	0.200909
576000	0.200904
576000	0.200898
576000	0.200893
576000	0.200888
680000	0.200882
576000	0.200902
576000	0.200898
576000	0.200892
576000	0.200887
576000	0.200882
576000	0.200876
576000	0.200871
576000	0.200866
576000	0.20086
576000	0.200855
576000	0.20085
576000	0.200844
576000	0.200839
576000	0.200834
576000	0.200828
576000	0.200823
576000	0.200818
576000	0.200813
576000	0.200807
680000	0.200802
576000	0.200822
576000	0.200817
576000	0.200812
576000	0.200807
576000	0.200802
576000	0.200797
576000	0.200791
576000	0.200786
576000	0.200781
576000	0.200776
576000	0.200771
576000	0.200765
576000	0.20076
576000	0.200755
576000	0.20075
576000	0.200745
576000	0.20074
576000	0.200735
576000	0.200729
680000	0.200724
576000	0.200744
576000	0.20074
576000	0.200734
576000	0.200729
576000	0.200724
576000	0.200719
576000	0.200714
576000	0.200709
576000	0.200704
576000	0.200699
576000	0.200694
576000	0.200689
576000	0.200684
576000	0.200679
576000	0.200674
576000	0.200669
576000	0.200664
576000	0.200659
576000	0.200654
680000	0.200649
576000	0.200668
576000	0.200664
576000	0.200659
576000	0.200654
576000	0.200649
576000	0.200644
576000	0.200639
576000	0.200634
576000	0.200629
576000	0.200624
576000	0.200619
576000	0.200614
576000	0.200609
576000	0.200604
576000	0.200599
576000	0.200595
576000	0.20059
576000	0.200585
576000	0.20058
680000	0.200575
576000	0.200594
576000	0.20059
576000	0.200585
576000	0.20058
576000	0.200575
576000	0.200571
576000	0.200566
576000	0.200561
576000	0.200556
576000	0.200551
576000	0.200546
576000	0.200542
576000	0.200537
576000	0.200532
576000	0.200527
576000	0.200523
576000	0.200518
576000	0.200513
576000	0.200508
680000	0.200503
576000	0.200522
576000	0.200518
576000	0.200514
576000	0.200509
576000	0.200504
576000	0.200499
576000	0.200495
576000	0.20049
576000	0.200485
576000	0.20048
576000	0.200476
576000	0.200471
576000	0.200466
576000	0.200462
576000	0.200457
576000	0.200452
576000	0.200448
576000	0.200443
576000	0.200438
680000	0.200434
576000	0.200453
576000	0.200449
576000	0.200444
576000	0.200439
576000	0.200435
576000	0.20043
576000	0.200425
576000	0.200421
576000	0.200416
576000	0.200412
576000	0.200407
576000	0.200402
576000	0.200398
576000	0.200393
576000	0.200389
576000	0.200384
576000	0.20038
576000	0.200375
576000	0.20037
680000	0.200366
576000	0.200385
576000	0.200381
576000	0.200376
576000	0.200372
576000	0.200367
576000	0.200362
576000	0.200358
576000	0.200353
576000	0.200349
576000	0.200344
576000	0.20034
576000	0.200336
576000	0.200331
576000	0.200327
576000	0.200322
576000	0.200318
576000	0.200313
576000	0.200309
576000	0.200304
680000	0.2003
576000	0.200318
576000	0.200314
576000	0.20031
576000	0.200306
576000	0.200301
576000	0.200297
576000	0.200292
576000	0.200288
576000	0.200283
576000	0.200279
576000	0.200275
576000	0.20027
576000	0.200266
576000	0.200262
576000	0.200257
576000	0.200253
576000	0.200249
576000	0.200244
576000	0.20024
680000	0.200235
576000	0.200254
576000	0.20025
576000	0.200246
576000	0.200241
576000	0.200237
576000	0.200233
576000	0.200228
576000	0.200224
576000	0.20022
576000	0.200215
576000	0.200211
576000	0.200207
576000	0.200203
576000	0.200198
576000	0.200194
576000	0.20019
576000	0.200185
576000	0.200181
576000	0.200177
680000	0.200173
576000	0.200191
576000	0.200187
576000	0.200183
576000	0.200179
576000	0.200174
576000	0.20017
576000	0.200166
576000	0.200162
576000	0.200158
576000	0.200153
576000	0.200149
576000	0.200145
576000	0.200141
576000	0.200137
576000	0.200132
576000	0.200128
576000	0.200124
576000	0.20012
576000	0.200116
680000	0.200112
576000	0.200129
576000	0.200126
576000	0.200122
576000	0.200118
576000	0.200113
576000	0.200109
576000	0.200105
576000	0.200101
576000	0.200097
576000	0.200093
576000	0.200089
576000	0.200085
576000	0.20008
576000	0.200076
576000	0.200072
576000	0.200068
576000	0.200064
576000	0.20006
576000	0.200056
680000	0.200052
576000	0.20007
576000	0.200066
576000	0.200062
576000	0.200058
576000	0.200054
576000	0.20005
576000	0.200046
576000	0.200042
576000	0.200038
576000	0.200034
576000	0.20003
576000	0.200026
576000	0.200022
576000	0.200018
576000	0.200014
576000	0.20001
576000	0.200006
576000	0.200002
576000	0.199998
680000	0.199994
576000	0.200011
576000	0.200008
576000	0.200004
576000	0.2
576000	0.199996
576000	0.199992
576000	0.199988
576000	0.199984
576000	0.19998
576000	0.199976
576000	0.199972
576000	0.199968
576000	0.199964
576000	0.19996
576000	0.199956
576000	0.199953
576000	0.199949
576000	0.199945
576000	0.199941
680000	0.199937
576000	0.199954
576000	0.199951
576000	0.199947
576000	0.199943
576000	0.199939
576000	0.199935
576000	0.199931
576000	0.199928
576000	0.199924
576000	0.19992
576000	0.199916
576000	0.199912
576000	0.199908
576000	0.199904
576000	0.199901
576000	0.199897
576000	0.199893
576000	0.199889
576000	0.199885
680000	0.199882
576000	0.199899
576000	0.199895
576000	0.199892
576000	0.199888
576000	0.199884
576000	0.19988
576000	0.199876
576000	0.199873
576000	0.199869
576000	0.199865
576000	0.199861
576000	0.199857
576000	0.199854
576000	0.19985
576000	0.199846
576000	0.199842
576000	0.199839
576000	0.199835
576000	0.199831
680000	0.199827
576000	0.199844
576000	0.199841
576000	0.199837
576000	0.199834
576000	0.19983
576000	0.199826
576000	0.199823
576000	0.199819
576000	0.199815
576000	0.199811
576000	0.199808
576000	0.199804
576000	0.1998
576000	0.199797
576000	0.199793
576000	0.199789
576000	0.199786
576000	0.199782
576000	0.199778
680000	0.199775
576000	0.199791
576000	0.199788
576000	0.199785
576000	0.199781
576000	0.199777
576000	0.199774
576000	0.19977
576000	0.199766
576000	0.199763
576000	0.199759
576000	0.199755
576000	0.199752
576000	0.199748
576000	0.199745
576000	0.199741
576000	0.199737
576000	0.199734
576000	0.19973
576000	0.199727
680000	0.199723
576000	0.199739
576000	0.199736
576000	0.199733
576000	0.199729
576000	0.199726
576000	0.199722
576000	0.199719
576000	0.199715
576000	0.199711
576000	0.199708
576000	0.199704
576000	0.199701
576000	0.199697
576000	0.199694
576000	0.19969
576000	0.199687
576000	0.199683
576000	0.19968
576000	0.199676
680000	0.199672
576000	0.199689
576000	0.199686
576000	0.199682
576000	0.199679
576000	0.199675
576000	0.199672
576000	0.199668
576000	0.199665
576000	0.199661
576000	0.199658
576000	0.199654
576000	0.199651
576000	0.199647
576000	0.199644
576000	0.19964
576000	0.199637
576000	0.199634
576000	0.19963
576000	0.199627
680000	0.199623
576000	0.199639
576000	0.199636
576000	0.199633
576000	0.19963
576000	0.199626
576000	0.199623
576000	0.199619
576000	0.199616
576000	0.199612
576000	0.199609
576000	0.199606
576000	0.199602
576000	0.199599
576000	0.199595
576000	0.199592
576000	0.199588
576000	0.199585
576000	0.199582
576000	0.199578
680000	0.199575
576000	0.199591
576000	0.199588
576000	0.199585
576000	0.199581
576000	0.199578
576000	0.199575
576000	0.199571
576000	0.199568
576000	0.199565
576000	0.199561
576000	0.199558
576000	0.199554
576000	0.199551
576000	0.199548
576000	0.199544
576000	0.199541
576000	0.199538
576000	0.199534
576000	0.199531
680000	0.199528
576000	0.199544
576000	0.199541
576000	0.199538
576000	0.199534
576000	0.199531
576000	0.199528
576000	0.199524
576000	0.199521
576000	0.199518
576000	0.199514
576000	0.199511
576000	0.199508
576000	0.199505
576000	0.199501
576000	0.199498
576000	0.199495
576000	0.199491
576000	0.199488
576000	0.199485
680000	0.199482
576000	0.199497
576000	0.199495
576000	0.199491
576000	0.199488
576000	0.199485
576000	0.199482
576000	0.199478
576000	0.199475
576000	0.199472
576000	0.199469
576000	0.199465
576000	0.199462
576000	0.199459
576000	0.199456
576000	0.199453
576000	0.199449
576000	0.199446
576000	0.199443
576000	0.19944
680000	0.199436
576000	0.199452
576000	0.199449
576000	0.199446
576000	0.199443
576000	0.19944
576000	0.199437
576000	0.199433
576000	0.19943
576000	0.199427
576000	0.199424
576000	0.199421
576000	0.199418
576000	0.199414
576000	0.199411
576000	0.199408
576000	0.199405
576000	0.199402
576000	0.199399
576000	0.199395
680000	0.199392
576000	0.199408
576000	0.199405
576000	0.199402
576000	0.199399
576000	0.199396
576000	0.199393
576000	0.199389
576000	0.199386
576000	0.199383
576000	0.19938
576000	0.199377
576000	0.199374
576000	0.199371
576000	0.199368
576000	0.199365
576000	0.199361
576000	0.199358
576000	0.199355
576000	0.199352
680000	0.199349
576000	0.199364
576000	0.199362
576000	0.199359
576000	0.199356
576000	0.199353
576000	0.19935
576000	0.199346
576000	0.199343
576000	0.19934
576000	0.199337
576000	0.199334
576000	0.199331
576000	0.199328
576000	0.199325
576000	0.199322
576000	0.199319
576000	0.199316
576000	0.199313
576000	0.19931
680000	0.199307
576000	0.199322
576000	0.199319
576000	0.199316
576000	0.199313
576000	0.19931
576000	0.199307
576000	0.199304
576000	0.199301
576000	0.199298
576000	0.199295
576000	0.199292
576000	0.199289
576000	0.199286
576000	0.199283
576000	0.19928
576000	0.199277
576000	0.199274
576000	0.199271
576000	0.199268
680000	0.199265
576000	0.19928
576000	0.199278
576000	0.199275
576000	0.199272
576000	0.199269
576000	0.199266
576000	0.199263
576000	0.19926
576000	0.199257
576000	0.199254
576000	0.199251
576000	0.199248
576000	0.199245
576000	0.199242
576000	0.199239
576000	0.199236
576000	0.199233
576000	0.199231
576000	0.199228
680000	0.199225
576000	0.19924
576000	0.199237
576000	0.199234
576000	0.199231
576000	0.199228
576000	0.199225
576000	0.199223
576000	0.19922
576000	0.199217
576000	0.199214
576000	0.199211
576000	0.199208
608000	0.199205
583999	0.199208
608000	0.199257
608000	0.19931
608000	0.199363
608000	0.199416
631999	0.19947
736000	0.199476
631999	0.199551
656000	0.199609
656000	0.199671
656000	0.199732
656000	0.199793
680000	0.199855
680000	0.19987
680000	0.199935
703999	0.200001
703999	0.20007
703999	0.20014
703999	0.200209
728000	0.200279
728000	0.200302
728000	0.200376
751999	0.200449
751999	0.200527
751999	0.200605
751999	0.200682
880000	0.20076
775999	0.200809
775999	0.200891
800000	0.200972
800000	0.201058
800000	0.201144
800000	0.20123
823999	0.201315
823999	0.201354
823999	0.201444
848000	0.201534
848000	0.201628
848000	0.201721
848000	0.201815
872000	0.201909
872000	0.201956
872000	0.202054
895999	0.202151
895999	0.202253
895999	0.202355
1000000	0.202457
920000	0.202576
920000	0.202631
920000	0.202737
943999	0.202843
943999	0.202952
943999	0.203062
943999	0.203171
968000	0.203281
968000	0.203344
968000	0.203457
992000	0.203571
992000	0.203688
992000	0.203806
992000	0.203924
1015999	0.204041
1015999	0.204111
1015999	0.204233
1039999	0.204354
1039999	0.20448
1144000	0.204605
1039999	0.204748
1064000	0.204874
1064000	0.204952
1064000	0.205081
1087999	0.20521
1087999	0.205343
1087999	0.205477
1087999	0.20561
1111999	0.205743
1111999	0.205829
1111999	0.205966
1136000	0.206103
1136000	0.206244
1136000	0.206385
1136000	0.206525
1160000	0.206666
1160000	0.20676
1160000	0.206904
1183999	0.207049
1288000	0.207198
1183999	0.207364
1183999	0.207513
1208000	0.207661
1208000	0.207762
1208000	0.207915
1232000	0.208067
1232000	0.208223
1232000	0.208379
1232000	0.208536
1255999	0.208692
1255999	0.2088
1255999	0.20896
1280000	0.20912
1280000	0.209284
1280000	0.209448
1280000	0.209612
1304000	0.209776
1304000	0.209892
1304000	0.210059
1431999	0.210227
1327999	0.210416
1327999	0.210587
1327999	0.210759
1351999	0.21093
1351999	0.211053
1351999	0.211229
1376000	0.211404
1376000	0.211583
1376000	0.211762
1376000	0.211941
1399999	0.212119
1399999	0.21225
1399999	0.212433
1423999	0.212615
1423999	0.212802
1423999	0.212988
1423999	0.213175
1448000	0.213361
1448000	0.213499
1551999	0.213689
1472000	0.213896
1472000	0.214091
1472000	0.214285
1472000	0.214478
1495999	0.214672
1495999	0.214817
1495999	0.215015
1520000	0.215212
1520000	0.215414
1520000	0.215615
1520000	0.215816
1544000	0.216017
1544000	0.21617
1544000	0.216375
1567999	0.216579
1567999	0.216788
1567999	0.216997
1567999	0.217205
1592000	0.217414
1696000	0.217573
1592000	0.217802
1616000	0.218015
1616000	0.218231
1616000	0.218447
1616000	0.218663
1639999	0.218879
1639999	0.219045
1639999	0.219265
1663999	0.219484
1663999	0.219708
1663999	0.219931
1663999	0.220154
1688000	0.220377
1688000	0.220551
1688000	0.220777
1711999	0.221004
1711999	0.221235
1711999	0.221465
1711999	0.221696
1840000	0.221926
1735999	0.222123
1735999	0.222358
1760000	0.222592
1760000	0.222829
1760000	0.223067
1760000	0.223305
1783999	0.223542
1783999	0.223729
1783999	0.223971
1807999	0.224212
1807999	0.224457
1807999	0.224702
1807999	0.224946
1832000	0.225191
1832000	0.225385
1832000	0.225633
1856000	0.225882
1856000	0.226134
1856000	0.226386
1959999	0.226638
1879999	0.226906
1879999	0.227107
1879999	0.227363
1904000	0.227618
1904000	0.227877
1904000	0.228136
1904000	0.228395
1928000	0.228654
1928000	0.228862
1928000	0.229124
1951999	0.229387
1951999	0.229653
1951999	0.229919
1951999	0.230185
1975999	0.230451
1975999	0.230665
1975999	0.230935
2000000	0.231204
2000000	0.231477
2103999	0.23175
2000000	0.23204
2024000	0.232313
2024000	0.232534
2024000	0.232811
2047999	0.233087
2047999	0.233367
2047999	0.233647
2047999	0.233927
2072000	0.234207
2072000	0.234435
2072000	0.234718
2096000	0.235001
2096000	0.235288
2096000	0.235576
2096000	0.235862
2119999	0.236149
2119999	0.236383
2119999	0.236674
2144000	0.236964
2247999	0.237258
2144000	0.237568
2144000	0.237862
2167999	0.238156
2167999	0.238397
2167999	0.238694
2191999	0.238991
2191999	0.239292
2191999	0.239592
2191999	0.239893
2216000	0.240194
2216000	0.240441
2216000	0.240745
2239999	0.241049
2239999	0.241356
2239999	0.241664
2239999	0.241971
2263999	0.242278
2263999	0.242532
2263999	0.242843
2392000	0.243153
2288000	0.243484
2288000	0.243799
2288000	0.244113
2311999	0.244427
2311999	0.244687
2311999	0.245005
2335999	0.245322
2335999	0.245643
2335999	0.245964
2335999	0.246285
2360000	0.246606
2360000	0.246872
2360000	0.247196
2383999	0.247521
2383999	0.247848
2383999	0.248176
2383999	0.248504
2407999	0.248831
2407999	0.249104
2511999	0.249435
2432000	0.249782
2432000	0.250117
2432000	0.250451
2432000	0.250786
2455999	0.25112
2455999	0.251398
2455999	0.251736
2479999	0.252073
2479999	0.252414
2479999	0.252756
2479999	0.253096
2504000	0.253437
2504000	0.253722
2504000	0.254066
2527999	0.25441
2527999	0.254758
2527999	0.255106
2527999	0.255453
2552000	0.2558
2655999	0.256091
2552000	0.256458
2576000	0.25681
2576000	0.257164
2576000	0.257518
2576000	0.257872
2599999	0.258226
2599999	0.258523
2599999	0.25888
2624000	0.259238
2624000	0.259598
2624000	0.259959
2624000	0.26032
2648000	0.26068
2648000	0.260983
2648000	0.261347
2671999	0.261711
2671999	0.262078
2671999	0.262445
2671999	0.262812
2799999	0.263179
2696000	0.263504
2696000	0.263875
2720000	0.264246
2720000	0.264619
2720000	0.264993
2720000	0.265366
2743999	0.26574
2743999	0.266055
2743999	0.266432
2768000	0.266808
2768000	0.267188
2768000	0.267568
2768000	0.267948
2792000	0.268328
2792000	0.268649
2792000	0.269032
2815999	0.269415
2815999	0.269802
2815999	0.270188
2919999	0.270574
2840000	0.270977
2840000	0.271304
2840000	0.271694
2863999	0.272083
2863999	0.272476
2863999	0.272869
2863999	0.273261
2887999	0.273654
2887999	0.273986
2887999	0.274382
2912000	0.274778
2912000	0.275177
2912000	0.275576
2912000	0.275975
2935999	0.276374
2935999	0.276712
2935999	0.277115
2959999	0.277517
2959999	0.277922
3063999	0.278328
2959999	0.278749
2984000	0.279154
2984000	0.279499
2984000	0.279907
3007999	0.280315
3007999	0.280727
3007999	0.281139
3007999	0.28155
3031999	0.281961
3031999	0.282311
3031999	0.282726
3056000	0.28314
3056000	0.283558
3056000	0.283976
3056000	0.284394
3079999	0.284812
3079999	0.285167
3079999	0.285588
3103999	0.286009
3207999	0.286433
3103999	0.286873
3103999	0.287297
3128000	0.287721
3128000	0.288082
3128000	0.288509
3151999	0.288936
3151999	0.289366
3151999	0.289797
3151999	0.290227
3176000	0.290656
3176000	0.291023
3176000	0.291456
3200000	0.291889
3200000	0.292326
3200000	0.292762
3200000	0.293198
3223999	0.293634
3223999	0.294006
3223999	0.294446
3351999	0.294885
3248000	0.295343
3248000	0.295786
3248000	0.296228
3272000	0.296671
3272000	0.297048
3272000	0.297494
3295999	0.297939
3295999	0.298387
3295999	0.298836
3295999	0.299284
3320000	0.299732
3320000	0.300115
3320000	0.300567
3344000	0.301018
3344000	0.301473
3344000	0.301927
3344000	0.302381
3367999	0.302836
3367999	0.303224
3471999	0.303682
3392000	0.304155
3392000	0.304616
3392000	0.305076
3392000	0.305537
3416000	0.305997
3416000	0.306391
3416000	0.306854
3439999	0.307317
3439999	0.307784
3439999	0.30825
3439999	0.308717
3464000	0.309183
3464000	0.309582
3464000	0.310051
3488000	0.31052
3488000	0.310993
3488000	0.311465
3488000	0.311938
3511999	0.31241
3615999	0.312814
3511999	0.313305
3536000	0.313781
3536000	0.314259
3536000	0.314738
3536000	0.315216
3559999	0.315694
3559999	0.316104
3559999	0.316585
3583999	0.317066
3583999	0.31755
3583999	0.318034
3583999	0.318518
3608000	0.319002
3608000	0.319417
3608000	0.319904
3631999	0.320391
3631999	0.320881
3631999	0.321371
3631999	0.321861
3759999	0.32235
3655999	0.322786
3655999	0.32328
3680000	0.323772
3680000	0.324268
3680000	0.324764
3680000	0.32526
3703999	0.325755
3703999	0.326181
3703999	0.326679
3727999	0.327177
3727999	0.327679
3727999	0.328181
3727999	0.328682
3752000	0.329183
3752000	0.329614
3752000	0.330118
3775999	0.330623
3775999	0.33113
3775999	0.331637
3880000	0.332145
3799999	0.332667
3799999	0.333103
3799999	0.333613
3824000	0.334123
3824000	0.334636
3824000	0.33515
3824000	0.335662
3847999	0.336175
3847999	0.336616
3847999	0.337132
3872000	0.337647
3872000	0.338166
3872000	0.338685
3872000	0.339204
3896000	0.339722
3896000	0.340168
3896000	0.340689
3919999	0.34121
3919999	0.341735
4023999	0.342259
3919999	0.342799
3943999	0.343324
3943999	0.343774
3943999	0.344302
3968000	0.344828
3968000	0.345359
3968000	0.345889
3968000	0.346419
3991999	0.346948
3991999	0.347404
3991999	0.347937
4015999	0.348469
4015999	0.349005
4015999	0.349541
4015999	0.350076
4040000	0.350611
4040000	0.351072
4040000	0.35161
4063999	0.352149
4167999	0.35269
4063999	0.353246
4063999	0.353788
4087999	0.354329
4087999	0.354795
4087999	0.355338
4112000	0.355882
4112000	0.356429
4112000	0.356976
4112000	0.357522
4135999	0.358069
4135999	0.358539
4135999	0.359089
4159999	0.359638
4159999	0.36019
4159999	0.360743
4159999	0.361295
4184000	0.361847
4184000	0.362322
4184000	0.362877
4311999	0.363431
4207999	0.364004
4207999	0.364563
4207999	0.365121
4231999	0.365678
4231999	0.366158
4231999	0.366718
4256000	0.367279
4256000	0.367842
4256000	0.368405
4256000	0.368968
4279999	0.369531
4279999	0.370016
4279999	0.370582
4303999	0.371147
4303999	0.371716
4303999	0.372285
4303999	0.372853
4328000	0.373422
4328000	0.373911
4432000	0.374482
4351999	0.375068
4351999	0.375643
4351999	0.376218
4351999	0.376792
4375999	0.377365
4375999	0.377859
4375999	0.378436
4400000	0.379012
4400000	0.379592
4400000	0.380172
4400000	0.380751
4423999	0.38133
4423999	0.381829
4423999	0.382411
4447999	0.382993
4447999	0.383578
4447999	0.384163
4447999	0.384747
4472000	0.385332
4576000	0.385835
4472000	0.386437
4495999	0.387025
4495999	0.387616
4495999	0.388206
4495999	0.388796
4519999	0.389385
4519999	0.389893
4519999	0.390486
4544000	0.391079
4544000	0.391674
4544000	0.39227
4544000	0.392865
4568000	0.39346
4568000	0.393973
4568000	0.394571
4591999	0.395168
4591999	0.395769
4591999	0.39637
4591999	0.396971
4720000	0.397571
4616000	0.398103
4616000	0.398707
4640000	0.39931
4640000	0.399916
4640000	0.400522
4640000	0.401128
4663999	0.401733
4663999	0.402255
4663999	0.402863
4688000	0.403472
4688000	0.404083
4688000	0.404694
4688000	0.405305
4712000	0.405916
4712000	0.406442
4712000	0.407056
4735999	0.407669
4735999	0.408286
4735999	0.408902
4839999	0.409519
4760000	0.410149
4760000	0.410681
4760000	0.4113
4784000	0.411918
4784000	0.41254
4784000	0.413162
4784000	0.413783
4807999	0.414404
4807999	0.414939
4807999	0.415563
4832000	0.416187
4832000	0.416814
4832000	0.417441
4832000	0.418067
4856000	0.418693
4856000	0.419233
4856000	0.419862
4879999	0.420491
4879999	0.421123
4983999	0.421755
4879999	0.422401
4904000	0.423033
4904000	0.423577
4904000	0.424211
4928000	0.424845
4928000	0.425482
4928000	0.426119
4928000	0.426756
4951999	0.427392
4951999	0.42794
4951999	0.42858
4976000	0.429219
4976000	0.429861
4976000	0.430503
4976000	0.431145
5000000	0.431787
5000000	0.432339
5000000	0.432983
5023999	0.433627
5127999	0.434275
5023999	0.434936
5023999	0.435584
5048000	0.436231
5048000	0.436787
5048000	0.437436
5072000	0.438086
5072000	0.438738
5072000	0.43939
5072000	0.440042
5095999	0.440694
5095999	0.441254
5095999	0.441909
5120000	0.442563
5120000	0.44322
5120000	0.443877
5120000	0.444534
5144000	0.445191
5144000	0.445756
5144000	0.446415
5271999	0.447074
5167999	0.447751
5167999	0.448414
5167999	0.449076
5191999	0.449738
5191999	0.450306
5191999	0.450971
5216000	0.451635
5216000	0.452302
5216000	0.452969
5216000	0.453636
5239999	0.454303
5239999	0.454876
5239999	0.455545
5263999	0.456214
5263999	0.456886
5263999	0.457559
5263999	0.45823
5288000	0.458902
5288000	0.459479
5392000	0.460153
5311999	0.460842
5311999	0.461519
5311999	0.462196
5311999	0.462873
5335999	0.463549
5335999	0.464131
5335999	0.46481
5360000	0.465489
5360000	0.466171
5360000	0.466853
5360000	0.467534
5383999	0.468215
5383999	0.468801
5383999	0.469485
5407999	0.470168
5407999	0.470855
5407999	0.471542
5407999	0.472228
5432000	0.472914
5536000	0.473504
5432000	0.474207
5455999	0.474896
5455999	0.475588
5455999	0.476279
5455999	0.476971
5479999	0.477662
5479999	0.478255
5479999	0.478949
5504000	0.479642
5504000	0.480338
5504000	0.481035
5504000	0.481731
5527999	0.482427
5527999	0.483024
5527999	0.483722
5551999	0.484421
5551999	0.485122
5551999	0.485823
5551999	0.486524
5680000	0.487224
5576000	0.48784
5576000	0.488544
5599999	0.489247
5599999	0.489953
5599999	0.490659
5599999	0.491364
5623999	0.49207
5623999	0.492675
5623999	0.493383
5648000	0.49409
5648000	0.494801
5648000	0.495512
5648000	0.496222
3968000	0.496932
3959999	0.497311
3959999	0.497777
3976000	0.498242
3976000	0.49871
3976000	0.499177
4080000	0.499644
4000000	0.500125
3991999	0.500492
3991999	0.50096
4008000	0.501429
4008000	0.5019
4008000	0.50237
4008000	0.50284
4031999	0.503311
4023999	0.503679
4023999	0.504151
4040000	0.504623
4040000	0.505096
4040000	0.50557
4040000	0.506043
4063999	0.506517
4055999	0.506887
4055999	0.507363
4072000	0.507838
4072000	0.508314
4176000	0.508791
4072000	0.509282
4095999	0.509759
4087999	0.510133
4087999	0.510611
4104000	0.511089
4104000	0.511569
4104000	0.512049
4104000	0.512529
4127999	0.513008
4120000	0.513384
4120000	0.513866
4135999	0.514347
4135999	0.51483
4135999	0.515313
4135999	0.515796
4159999	0.516278
4152000	0.516657
4152000	0.517142
4167999	0.517626
4271999	0.518112
4167999	0.518612
4167999	0.519099
4192000	0.519585
4184000	0.519966
4184000	0.520454
4199999	0.520941
4199999	0.52143
4199999	0.521919
4199999	0.522408
4224000	0.522897
4216000	0.523281
4216000	0.523772
4231999	0.524262
4231999	0.524754
4231999	0.525247
4231999	0.525739
4256000	0.526231
4248000	0.526617
4248000	0.527111
4368000	0.527604
4264000	0.528113
4264000	0.52861
4264000	0.529105
4288000	0.5296
4279999	0.529989
4279999	0.530485
4296000	0.530982
4296000	0.53148
4296000	0.531979
4296000	0.532477
4320000	0.532975
4311999	0.533366
4311999	0.533866
4328000	0.534366
4328000	0.534867
4328000	0.535368
4328000	0.53587
4351999	0.53637
4343999	0.536764
4447999	0.537267
4360000	0.537783
4360000	0.538289
4360000	0.538793
4360000	0.539297
4383999	0.539801
4375999	0.540198
4375999	0.540704
4392000	0.541209
4392000	0.541717
4392000	0.542224
4392000	0.542731
4415999	0.543238
4407999	0.543637
4407999	0.544146
4423999	0.544654
4423999	0.545165
4423999	0.545675
4423999	0.546185
4447999	0.546695
4544000	0.547097
4440000	0.547622
4455999	0.548134
4455999	0.548648
4455999	0.549161
4455999	0.549674
4479999	0.550187
4472000	0.550591
4472000	0.551106
4487999	0.55162
4487999	0.552136
4487999	0.552653
4487999	0.553169
4512000	0.553685
4504000	0.554091
4504000	0.554608
4519999	0.555126
4519999	0.555645
4519999	0.556164
4519999	0.556683
4648000	0.557202
4536000	0.557624
4536000	0.558146
4551999	0.558666
4551999	0.559188
4551999	0.55971
4551999	0.560232
4576000	0.560754
4568000	0.561165
4568000	0.561689
4584000	0.562212
4584000	0.562737
4584000	0.563262
4584000	0.563787
4608000	0.564311
4599999	0.564725
4599999	0.565251
4616000	0.565777
4616000	0.566305
4616000	0.566833
4720000	0.567361
4640000	0.567902
4616000	0.568319
4616000	0.568846
4616000	0.569373
4616000	0.569899
4616000	0.570426
4616000	0.570952
4640000	0.571478
4616000	0.571891
4616000	0.572417
4616000	0.572942
4616000	0.573467
4616000	0.573992
4616000	0.574517
4640000	0.575041
4616000	0.575452
4616000	0.575976
4616000	0.5765
4616000	0.577024
4720000	0.577547
4616000	0.578083
4640000	0.578607
4616000	0.579016
4616000	0.579539
4616000	0.580061
4616000	0.580583
4616000	0.581105
4616000	0.581626
4640000	0.582147
4616000	0.582555
4616000	0.583076
4616000	0.583596
4616000	0.584117
4616000	0.584637
4616000	0.585157
4640000	0.585676
4616000	0.586082
4616000	0.586601
4616000	0.58712
4720000	0.587639
4616000	0.588171
4616000	0.58869
4640000	0.589209
4616000	0.589612
4616000	0.59013
4616000	0.590647
4616000	0.591164
4616000	0.591681
4616000	0.592198
4640000	0.592715
4616000	0.593116
4616000	0.593632
4616000	0.594148
4616000	0.594664
4616000	0.59518
4616000	0.595695
4640000	0.59621
4616000	0.596609
4616000	0.597124
4720000	0.597639
4616000	0.598166
4616000	0.598681
4616000	0.599195
4640000	0.599709
4616000	0.600106
4616000	0.600619
4616000	0.601132
4616000	0.601645
4616000	0.602157
4616000	0.60267
4640000	0.603182
4616000	0.603577
4616000	0.604089
4616000	0.6046
4616000	0.605111
4616000	0.605622
4616000	0.606133
4640000	0.606644
4640000	0.607037
4743999	0.60743
4640000	0.607835
4640000	0.608229
4640000	0.608621
4640000	0.609012
4640000	0.609404
4640000	0.609795
4640000	0.610186
4640000	0.610576
4640000	0.610966
4640000	0.611356
4640000	0.611746
4640000	0.612135
4640000	0.612524
4640000	0.612912
4640000	0.613301
4640000	0.613689
4640000	0.614076
4640000	0.614464
4640000	0.614851
4743999	0.615237
4640000	0.615637
4640000	0.616024
4640000	0.61641
4640000	0.616796
4640000	0.617181
4640000	0.617566
4640000	0.61795
4640000	0.618335
4640000	0.618719
4640000	0.619103
4640000	0.619486
4640000	0.619869
4640000	0.620252
4640000	0.620635
4640000	0.621017
4640000	0.621399
4640000	0.62178
4640000	0.622162
4640000	0.622543
4743999	0.622923
4640000	0.623317
4640000	0.623698
4640000	0.624078
4640000	0.624457
4640000	0.624837
4640000	0.625216
4640000	0.625594
4640000	0.625973
4640000	0.626351
4640000	0.626729
4640000	0.627106
4640000	0.627483
4640000	0.62786
4640000	0.628237
4640000	0.628613
4640000	0.628989
4640000	0.629365
4640000	0.62974
4640000	0.630116
4743999	0.63049
4640000	0.630878
4640000	0.631253
4640000	0.631627
4640000	0.632001
4640000	0.632374
4640000	0.632747
4640000	0.63312
4640000	0.633493
4640000	0.633865
4640000	0.634237
4640000	0.634609
4640000	0.63498
4640000	0.635351
4640000	0.635722
4640000	0.636092
4640000	0.636463
4640000	0.636833
4640000	0.637202
4640000	0.637572
4743999	0.637941
4640000	0.638322
4640000	0.638692
4640000	0.63906
4640000	0.639428
4640000	0.639796
4640000	0.640163
4640000	0.640531
4640000	0.640897
4640000	0.641264
4640000	0.64163
4640000	0.641996
4640000	0.642362
4640000	0.642727
4640000	0.643093
4640000	0.643457
4640000	0.643822
4640000	0.644186
4640000	0.64455
4640000	0.644914
4743999	0.645278
4640000	0.645654
4640000	0.646018
4640000	0.64638
4640000	0.646743
4640000	0.647105
4640000	0.647467
4640000	0.647828
4640000	0.648189
4640000	0.64855
4640000	0.648911
4640000	0.649272
4640000	0.649632
4640000	0.649992
4640000	0.650351
4640000	0.650711
4640000	0.65107
4640000	0.651429
4640000	0.651787
4640000	0.652145
4743999	0.652503
4640000	0.652874
4640000	0.653232
6680000	0.653589
6680000	0.65419
6680000	0.654813
6680000	0.655435
6680000	0.656057
6680000	0.656679
6680000	0.6573
6680000	0.65792
6680000	0.65854
6680000	0.65916
6680000	0.659779
6680000	0.660398
6680000	0.661016
6680000	0.661634
6680000	0.662251
6680000	0.662868
6680000	0.663484
6784000	0.6641
6680000	0.664728
6680000	0.665344
6680000	0.665959
6680000	0.666573
6680000	0.667186
6680000	0.667799
6680000	0.668412
6680000	0.669024
6680000	0.669636
6680000	0.670247
6680000	0.670858
6680000	0.671469
6680000	0.672079
6680000	0.672688
6680000	0.673297
6680000	0.673906
6680000	0.674514
6680000	0.675121
6680000	0.675728
6784000	0.676335
6680000	0.676954
6680000	0.677561
6680000	0.678166
6680000	0.678771
6680000	0.679376
6680000	0.67998
6680000	0.680583
6680000	0.681186
6680000	0.681789
6680000	0.682391
6680000	0.682993
6680000	0.683594
6680000	0.684195
6680000	0.684796
6680000	0.685396
6680000	0.685995
6680000	0.686594
6680000	0.687193
6680000	0.687791
6784000	0.688389
6680000	0.688998
6680000	0.689597
6680000	0.690193
6680000	0.690789
6680000	0.691385
6680000	0.69198
6680000	0.692574
6680000	0.693169
6680000	0.693762
6680000	0.694356
6680000	0.694949
6680000	0.695541
6680000	0.696133
6680000	0.696725
6680000	0.697316
6680000	0.697907
6680000	0.698497
6680000	0.699087
6680000	0.699677
6784000	0.700266
6680000	0.700866
6680000	0.701456
6680000	0.702043
6680000	0.702631
6680000	0.703217
6680000	0.703804
6680000	0.70439
6680000	0.704975
6680000	0.705561
6680000	0.706145
6680000	0.70673
6680000	0.707313
6680000	0.707897
6680000	0.70848
6680000	0.709062
6680000	0.709645
6680000	0.710226
6680000	0.710808
6680000	0.711388
6784000	0.711969
6680000	0.712561
6680000	0.713142
6680000	0.713721
6680000	0.7143
6680000	0.714878
6680000	0.715456
6680000	0.716033
6680000	0.71661
6680000	0.717187
6680000	0.717763
6680000	0.718339
6680000	0.718915
6680000	0.719489
6680000	0.720064
6680000	0.720638
6680000	0.721212
6680000	0.721785
6680000	0.722358
6680000	0.722931
6784000	0.723503
6680000	0.724086
6680000	0.724659
6680000	0.725229
6680000	0.7258
6680000	0.72637
6655999	0.726939
6655999	0.727637
6655999	0.728335
6655999	0.729032
6655999	0.729729
6655999	0.730425
6655999	0.731122
6655999	0.731818
6655999	0.732513
6655999	0.733209
6655999	0.733904
6655999	0.734599
6655999	0.735294
6655999	0.735989
6760000	0.736683
6655999	0.737389
6655999	0.738084
6655999	0.738778
6655999	0.739471
6655999	0.740164
6655999	0.740857
6655999	0.741549
6655999	0.742242
6655999	0.742934
6655999	0.743626
6655999	0.744317
6655999	0.745009
6655999	0.7457
6655999	0.746391
6655999	0.747081
6655999	0.747771
6655999	0.748462
6655999	0.749151
6655999	0.749841
6760000	0.75053
6655999	0.751231
6655999	0.751921
6655999	0.75261
6655999	0.753298
6655999	0.753986
6655999	0.754674
6655999	0.755362
6655999	0.756049
6655999	0.756736
6655999	0.757423
6655999	0.75811
6655999	0.758796
6655999	0.759482
6655999	0.760168
6655999	0.760854
6655999	0.761539
6655999	0.762224
6655999	0.762909
6655999	0.763594
6760000	0.764278
6655999	0.764974
6655999	0.765659
6655999	0.766343
6655999	0.767027
6655999	0.76771
6655999	0.768393
6655999	0.769075
6655999	0.769758
6655999	0.77044
6655999	0.771122
6655999	0.771804
6655999	0.772485
6655999	0.773167
6655999	0.773848
6655999	0.774528
6655999	0.775209
6760000	0.775889
6655999	0.776581
6655999	0.777262
6655999	0.777941
6655999	0.778621
6655999	0.7793
6655999	0.779978
6655999	0.780657
6655999	0.781335
6655999	0.782013
6655999	0.782691
6655999	0.783369
6655999	0.784046
6655999	0.784723
6655999	0.7854
6655999	0.786077
6655999	0.786753
6655999	0.78743
6655999	0.788105
6655999	0.788781
6760000	0.789457
6655999	0.790143
6655999	0.79082
6655999	0.791494
6655999	0.792169
6655999	0.792843
6655999	0.793517
6655999	0.794191
6655999	0.794864
6655999	0.795538
6655999	0.796211
6655999	0.796883
6655999	0.797556
6655999	0.798228
6655999	0.7989
6655999	0.799572
6655999	0.800244
6655999	0.800915
6655999	0.801586
6655999	0.802257
6760000	0.802928
6655999	0.80361
6655999	0.804281
6655999	0.804951
6655999	0.805621
6655999	0.80629
6655999	0.80696
6655999	0.807629
6655999	0.808297
6655999	0.808966
6655999	0.809634
6655999	0.810302
6655999	0.81097
6655999	0.811638
6655999	0.812305
6655999	0.812972
6655999	0.813639
6655999	0.814306
6655999	0.814972
6655999	0.815638
6760000	0.816304
6655999	0.816981
6655999	0.817648
6655999	0.818313
6655999	0.818978
6655999	0.819643
6655999	0.820308
6655999	0.820972
6655999	0.821636
6655999	0.8223
6655999	0.822963
6655999	0.823627
6655999	0.82429
6655999	0.824953
6655999	0.825615
6655999	0.826278
6655999	0.82694
6655999	0.827602
6655999	0.828264
6655999	0.828925
6760000	0.829586
6655999	0.830259
6655999	0.830921
6655999	0.831581
6655999	0.832242
6655999	0.832902
6655999	0.833562
6655999	0.834221
6655999	0.834881
6655999	0.83554
6655999	0.836199
6655999	0.836858
6655999	0.837516
6655999	0.838174
6655999	0.838832
6655999	0.83949
6655999	0.840148
6655999	0.840805
6655999	0.841462
6655999	0.842119
6760000	0.842775
6655999	0.843443
6655999	0.844101
6655999	0.844757
6655999	0.845412
6655999	0.846068
6655999	0.846723
6655999	0.847378
6655999	0.848033
6655999	0.848687
6655999	0.849342
6655999	0.849996
6655999	0.85065
6655999	0.851303
6655999	0.851957
6655999	0.85261
6655999	0.853263
6655999	0.853916
6655999	0.854568
6655999	0.85522
6760000	0.855872
6655999	0.856535
6655999	0.857188
6655999	0.85784
6655999	0.858491
6655999	0.859142
6655999	0.859792
6655999	0.860443
6655999	0.861093
6655999	0.861743
6655999	0.862393
6655999	0.863042
6655999	0.863692
6655999	0.864341
6655999	0.86499
6655999	0.865638
6655999	0.866287
6655999	0.866935
6655999	0.867583
6655999	0.868231
6760000	0.868878
6655999	0.869536
6655999	0.870185
6655999	0.870832
6655999	0.871478
6655999	0.872125
6655999	0.872771
6655999	0.873417
6655999	0.874063
6655999	0.874708
6655999	0.875353
6655999	0.875998
6655999	0.876643
6655999	0.877288
6655999	0.877932
6655999	0.878576
6655999	0.87922
6655999	0.879864
6655999	0.880507
6655999	0.881151
6760000	0.881794
6655999	0.882447
6655999	0.883091
6655999	0.883734
6655999	0.884376
6655999	0.885018
6655999	0.88566
6655999	0.886301
6655999	0.886942
6655999	0.887583
6655999	0.888224
6655999	0.888865
6655999	0.889505
6655999	0.890145
6655999	0.890785
6655999	0.891425
6655999	0.892064
6655999	0.892703
6655999	0.893342
6655999	0.893981
6760000	0.89462
6655999	0.895269
6655999	0.895909
6655999	0.896547
6655999	0.897184
6655999	0.897822
6655999	0.898459
6655999	0.899096
6655999	0.899733
6655999	0.90037
6655999	0.901006
6655999	0.901642
6655999	0.902278
6655999	0.902914
6655999	0.903549
6655999	0.904185
6655999	0.90482
6655999	0.905454
6655999	0.906089
6655999	0.906724
6760000	0.907358
6655999	0.908003
6655999	0.908638
6655999	0.909271
6655999	0.909905
6655999	0.910538
6655999	0.911171
6655999	0.911803
6655999	0.912436
6655999	0.913068
6655999	0.9137
6655999	0.914332
6655999	0.914963
6655999	0.915595
6655999	0.916226
6655999	0.916857
6655999	0.917487
6655999	0.918118
6655999	0.918748
6655999	0.919378
6760000	0.920008
6655999	0.920649
6655999	0.921279
6655999	0.921909
6655999	0.922538
6655999	0.923166
6655999	0.923795
6655999	0.924423
6655999	0.925051
6655999	0.925679
6655999	0.926307
6655999	0.926934
6655999	0.927562
6655999	0.928189
6655999	0.928816
6655999	0.929442
6655999	0.930069
6655999	0.930695
6655999	0.931321
6655999	0.931946
6760000	0.932572
6655999	0.933208
6655999	0.933835
6655999	0.93446
6655999	0.935084
6655999	0.935709
6655999	0.936333
6655999	0.936957
6655999	0.937581
6655999	0.938204
6655999	0.938828
6655999	0.939451
6655999	0.940074
6655999	0.940697
6655999	0.941319
6655999	0.941942
6655999	0.942564
6655999	0.943186
6655999	0.943807
6655999	0.944429
6760000	0.94505
6655999	0.945682
6655999	0.946304
6655999	0.946925
6655999	0.947545
6655999	0.948166
6655999	0.948786
6655999	0.949405
6655999	0.950025
6655999	0.950644
6655999	0.951263
6655999	0.951882
6655999	0.952501
6655999	0.95312
6655999	0.953738
6655999	0.954356
6655999	0.954974
6655999	0.955592
6655999	0.956209
6655999	0.956826
6760000	0.957443
6655999	0.958071
6655999	0.958689
6655999	0.959306
6655999	0.959922
6655999	0.960538
6655999	0.961154
6655999	0.961769
6655999	0.962385
6655999	0.963
6655999	0.963615
6655999	0.964229
6655999	0.964844
6655999	0.965458
6655999	0.966072
6655999	0.966686
6655999	0.9673
6655999	0.967914
6655999	0.968527
6655999	0.96914
6760000	0.969753
6655999	0.970376
6655999	0.97099
6655999	0.971602
6655999	0.972215
6655999	0.972826
6655999	0.973438
6655999	0.974049
6655999	0.974661
6655999	0.975272
6655999	0.975882
6655999	0.976493
6655999	0.977103
6655999	0.977714
6655999	0.978324
6655999	0.978933
6655999	0.979543
6655999	0.980152
6655999	0.980762
6655999	0.98137
6760000	0.981979
6655999	0.982598
6655999	0.983208
6655999	0.983816
6655999	0.984424
6655999	0.985032
6655999	0.98564
6655999	0.986247
6655999	0.986854
6655999	0.987461
6655999	0.988068
6655999	0.988674
6655999	0.98928
6655999	0.989886
6655999	0.990492
6655999	0.991098
6655999	0.991703
6655999	0.992309
6655999	0.992914
6655999	0.993519
6760000	0.994123
6655999	0.994738
6655999	0.995344
6655999	0.995948
6655999	0.996552
6655999	0.997156
6655999	0.997759
6655999	0.998362
6655999	0.998965
6655999	0.999568
6655999	1.00017
6655999	1.00077
6655999	1.00138
6655999	1.00198
6655999	1.00258
6655999	1.00318
6655999	1.00378
6655999	1.00438
6655999	1.00498
6655999	1.00559
6760000	1.00619
6655999	1.0068
6655999	1.0074
6655999	1.008
6655999	1.0086
6655999	1.0092
6655999	1.0098
6655999	1.0104
6655999	1.011
6655999	1.01159
6655999	1.01219
6655999	1.01279
6655999	1.01339
6655999	1.01399
6655999	1.01459
6655999	1.01518
6655999	1.01578
6655999	1.01638
6655999	1.01697
6655999	1.01757
6760000	1.01817
6655999	1.01877
6655999	1.01937
6655999	1.01997
6655999	1.02056
6655999	1.02116
6655999	1.02176
6655999	1.02235
6655999	1.02295
6655999	1.02354
6655999	1.02414
6655999	1.02473
6655999	1.02532
6655999	1.02592
6655999	1.02651
6655999	1.02711
6655999	1.0277
6655999	1.02829
6655999	1.02888
6655999	1.02948
6760000	1.03007
6655999	1.03067
6655999	1.03127
6655999	1.03186
6655999	1.03245
6655999	1.03304
6655999	1.03363
6655999	1.03423
6655999	1.03482
6655999	1.03541
6655999	1.036
6655999	1.03659
6655999	1.03718
6655999	1.03777
6655999	1.03836
6655999	1.03895
6655999	1.03954
6655999	1.04013
6655999	1.04072
6655999	1.0413
6760000	1.04189
6655999	1.04249
6655999	1.04308
6655999	1.04367
6655999	1.04426
6655999	1.04485
6655999	1.04543
6655999	1.04602
6655999	1.04661
6655999	1.04719
6655999	1.04778
6655999	1.04837
6655999	1.04895
6655999	1.04954
6655999	1.05013
6655999	1.05071
4616000	1.0513
4616000	1.05168
4616000	1.05203
4616000	1.05239
4720000	1.05274
4616000	1.0531
4616000	1.05345
4616000	1.0538
4616000	1.05416
4616000	1.05451
4616000	1.05486
4616000	1.05521
4616000	1.05556
4616000	1.05591
4616000	1.05626
4616000	1.05661
4616000	1.05696
4616000	1.05731
4616000	1.05766
4616000	1.05801
4616000	1.05836
4616000	1.05871
4616000	1.05906
4616000	1.05941
4720000	1.05976
4616000	1.06012
4616000	1.06047
4616000	1.06082
4616000	1.06117
4616000	1.06152
4616000	1.06187
4616000	1.06221
4616000	1.06256
4616000	1.06291
4616000	1.06326
4616000	1.06361
4616000	1.06396
4616000	1.0643
4616000	1.06465
4616000	1.065
4616000	1.06535
4616000	1.06569
4616000	1.06604
4616000	1.06639
4616000	1.06674
4616000	1.06708
4616000	1.06743
4616000	1.06778
4616000	1.06812
4616000	1.06847
4616000	1.06882
4616000	1.06916
4616000	1.06951
4616000	1.06986
4616000	1.0702
4616000	1.07055
4616000	1.07089
4616000	1.07124
4616000	1.07158
4616000	1.07193
4616000	1.07228
4616000	1.07262
4616000	1.07297
4616000	1.07331
4616000	1.07366
4616000	1.074
4616000	1.07434
4616000	1.07469
4616000	1.07503
4616000	1.07538
4616000	1.07572
4616000	1.07607
4616000	1.07641
4616000	1.07675
4616000	1.0771
4616000	1.07744
4616000	1.07779
4616000	1.07813
4616000	1.07847
4616000	1.07881
4616000	1.07916
4616000	1.0795
4616000	1.07984
4616000	1.08019
4616000	1.08053
4616000	1.08087
4616000	1.08121
4616000	1.08156
4616000	1.0819
4616000	1.08224
4616000	1.08258
4616000	1.08292
4616000	1.08327
4616000	1.08361
4616000	1.08395
4616000	1.08429
4616000	1.08463
4616000	1.08497
4616000	1.08531
4616000	1.08565
4616000	1.086
4616000	1.08634
4720000	1.08668
4616000	1.08703
4616000	1.08737
4616000	1.08771
4616000	1.08805
4616000	1.08839
4616000	1.08873
4616000	1.08907
4616000	1.08941
4616000	1.08975
4616000	1.09009
4616000	1.09043
4616000	1.09077
4616000	1.09111
4616000	1.09145
4616000	1.09178
4640000	1.09212
4616000	1.09229
4616000	1.09263
4616000	1.09296
4720000	1.0933
4616000	1.09365
4616000	1.09399
4616000	1.09433
4616000	1.09467
4616000	1.095
4616000	1.09534
4616000	1.09568
4616000	1.09602
4616000	1.09636
4616000	1.09669
4616000	1.09703
4616000	1.09737
4616000	1.0977
4616000	1.09804
4640000	1.09838
4616000	1.09854
4616000	1.09888
4616000	1.09921
4616000	1.09955
4720000	1.09988
4616000	1.10023
4616000	1.10057
4616000	1.1009
4616000	1.10124
4616000	1.10157
4616000	1.10191
4616000	1.10225
4616000	1.10258
4616000	1.10292
4616000	1.10325
4616000	1.10359
4640000	1.10392
4616000	1.10408
4616000	1.10442
4616000	1.10475
4616000	1.10508
4616000	1.10542
4616000	1.10575
4616000	1.10609
4616000	1.10642
4616000	1.10675
4616000	1.10709
4616000	1.10742
4720000	1.10776
4616000	1.1081
4616000	1.10843
4640000	1.10877
4616000	1.10892
4616000	1.10926
4616000	1.10959
4616000	1.10992
4616000	1.11026
4616000	1.11059
4616000	1.11092
4616000	1.11125
4616000	1.11159
4616000	1.11192
4616000	1.11225
4616000	1.11258
4640000	1.11291
4616000	1.11307
4616000	1.1134
4616000	1.11373
4720000	1.11406
4616000	1.1144
4616000	1.11474
4616000	1.11507
4616000	1.1154
4616000	1.11573
4616000	1.11606
4616000	1.11639
4616000	1.11672
4640000	1.11705
4616000	1.11721
4616000	1.11754
4616000	1.11787
4616000	1.1182
4616000	1.11853
4616000	1.11886
4616000	1.11919
4616000	1.11951
4616000	1.11984
4616000	1.12017
4720000	1.1205
4616000	1.12084
4640000	1.12117
4616000	1.12132
4616000	1.12165
4616000	1.12198
4616000	1.12231
4616000	1.12264
4616000	1.12297
4616000	1.1233
4616000	1.12362
4616000	1.12395
4616000	1.12428
4640000	1.12461
4616000	1.12476
4616000	1.12509
4616000	1.12541
4616000	1.12574
4616000	1.12607
4616000	1.1264
4720000	1.12672
4616000	1.12706
4616000	1.12739
4616000	1.12771
4640000	1.12804
4616000	1.12819
4616000	1.12852
4616000	1.12884
4616000	1.12917
4616000	1.1295
4616000	1.12982
4616000	1.13015
4616000	1.13047
4616000	1.1308
4616000	1.13112
4640000	1.13145
4616000	1.1316
4616000	1.13192
4616000	1.13225
4616000	1.13257
4720000	1.1329
4616000	1.13323
4616000	1.13356
4616000	1.13388
4616000	1.13421
4616000	1.13453
4640000	1.13486
4616000	1.135
4616000	1.13533
4616000	1.13565
4616000	1.13598
4616000	1.1363
4616000	1.13662
4616000	1.13695
4616000	1.13727
4640000	1.13759
4616000	1.13774
4616000	1.13806
4616000	1.13839
4616000	1.13871
4720000	1.13903
4616000	1.13936
4616000	1.13969
4616000	1.14001
4640000	1.14033
4616000	1.14048
4616000	1.1408
4616000	1.14112
4616000	1.14144
4616000	1.14177
4616000	1.14209
4616000	1.14241
4616000	1.14273
4640000	1.14305
4616000	1.1432
4616000	1.14352
4616000	1.14384
4616000	1.14416
4616000	1.14448
4616000	1.1448
4720000	1.14512
4616000	1.14545
4640000	1.14577
4616000	1.14592
4616000	1.14624
4616000	1.14656
4616000	1.14688
4616000	1.1472
4616000	1.14752
4616000	1.14784
4616000	1.14816
4640000	1.14848
4616000	1.14862
4616000	1.14894
4616000	1.14926
4616000	1.14958
4616000	1.1499
4616000	1.15021
4616000	1.15053
4616000	1.15085
4743999	1.15117
4616000	1.15132
4616000	1.15164
4616000	1.15196
4616000	1.15228
4616000	1.1526
4616000	1.15291
4616000	1.15323
4616000	1.15355
4640000	1.15387
4616000	1.15401
4616000	1.15432
4616000	1.15464
4616000	1.15496
4616000	1.15528
4616000	1.15559
4616000	1.15591
4616000	1.15623
4640000	1.15654
4616000	1.15668
4720000	1.157
4616000	1.15733
4616000	1.15764
4616000	1.15796
4616000	1.15828
4616000	1.15859
4616000	1.15891
4640000	1.15922
4616000	1.15936
4616000	1.15968
4616000	1.15999
4616000	1.16031
4616000	1.16062
4616000	1.16094
4640000	1.16125
4616000	1.16139
4616000	1.16171
4616000	1.16202
4616000	1.16234
4616000	1.16265
4720000	1.16296
4640000	1.16329
4616000	1.16343
4616000	1.16374
4616000	1.16405
4616000	1.16437
4616000	1.16468
4616000	1.165
4640000	1.16531
4616000	1.16544
4616000	1.16576
4616000	1.16607
4616000	1.16639
4616000	1.1667
4616000	1.16701
4640000	1.16732
4616000	1.16746
4616000	1.16777
4616000	1.16808
4616000	1.1684
4720000	1.16871
4616000	1.16903
4640000	1.16935
4616000	1.16948
4616000	1.16979
4616000	1.1701
4616000	1.17042
4616000	1.17073
4616000	1.17104
4640000	1.17135
4616000	1.17148
4616000	1.17179
4616000	1.17211
4616000	1.17242
4616000	1.17273
4616000	1.17304
4640000	1.17335
4616000	1.17348
4616000	1.17379
4616000	1.1741
4720000	1.17441
4616000	1.17473
4616000	1.17505
4640000	1.17536
4616000	1.17549
4616000	1.1758
4616000	1.17611
4616000	1.17642
4616000	1.17673
4616000	1.17704
4640000	1.17735
4616000	1.17748
4616000	1.17779
4616000	1.1781
4616000	1.1784
4616000	1.17871
4616000	1.17902
4640000	1.17933
4616000	1.17946
4616000	1.17977
4720000	1.18008
4616000	1.1804
4616000	1.18071
4616000	1.18101
4640000	1.18132
4616000	1.18145
4616000	1.18176
4616000	1.18207
4616000	1.18238
4616000	1.18268
4616000	1.18299
4640000	1.1833
4616000	1.18343
4616000	1.18373
4616000	1.18404
4616000	1.18435
4616000	1.18465
4616000	1.18496
4640000	1.18527
4616000	1.18539
4720000	1.1857
4616000	1.18602
4616000	1.18633
4616000	1.18663
4616000	1.18694
4640000	1.18724
4616000	1.18737
4616000	1.18768
4616000	1.18798
4616000	1.18829
4616000	1.18859
4616000	1.1889
4640000	1.18921
4616000	1.18933
4616000	1.18964
4616000	1.18994
4616000	1.19025
4616000	1.19055
4616000	1.19086
4640000	1.19116
4720000	1.19129
4616000	1.1916
4616000	1.19191
4616000	1.19221
4616000	1.19252
4616000	1.19282
4640000	1.19312
4616000	1.19325
4616000	1.19355
4616000	1.19386
4616000	1.19416
4616000	1.19446
4616000	1.19477
4640000	1.19507
4616000	1.19519
4616000	1.1955
4616000	1.1958
4616000	1.1961
4616000	1.19641
4616000	1.19671
4743999	1.19701
4616000	1.19714
4616000	1.19745
4616000	1.19775
4616000	1.19805
4616000	1.19835
4616000	1.19866
4640000	1.19896
4616000	1.19908
4616000	1.19938
4616000	1.19968
4616000	1.19999
4616000	1.20029
4616000	1.20059
4640000	1.20089
4616000	1.20101
4616000	1.20131
4616000	1.20161
4616000	1.20192
4616000	1.20222
4720000	1.20252
4640000	1.20283
4616000	1.20295
4616000	1.20325
4616000	1.20355
4616000	1.20385
4616000	1.20415
4616000	1.20445
4640000	1.20475
4616000	1.20487
4616000	1.20517
4616000	1.20547
4616000	1.20577
4616000	1.20607
4616000	1.20637
4640000	1.20667
4616000	1.20679
4616000	1.20709
4616000	1.20739
4616000	1.20769
4720000	1.20799
4616000	1.20829
4640000	1.20859
4616000	1.20871
4616000	1.20901
4616000	1.20931
4616000	1.20961
4616000	1.20991
4616000	1.2102
4640000	1.2105
4616000	1.21062
4616000	1.21092
4616000	1.21122
4616000	1.21151
4616000	1.21181
4616000	1.21211
4640000	1.21241
4616000	1.21252
4616000	1.21282
4616000	1.21312
4720000	1.21342
4616000	1.21372
4616000	1.21402
4640000	1.21432
4640000	1.21443
4640000	1.21455
4616000	1.21473
4616000	1.21503
4616000	1.21532
4616000	1.21562
4640000	1.21592
4663999	1.21603
4640000	1.21614
4640000	1.21625
4640000	1.21637
4640000	1.21649
4640000	1.2166
4640000	1.21672
4640000	1.21684
4640000	1.21695
4743999	1.21707
4663999	1.21719
4640000	1.21729
4640000	1.2174
4640000	1.21752
4640000	1.21763
4640000	1.21775
4640000	1.21787
4640000	1.21798
4640000	1.21809
4640000	1.21821
4640000	1.21832
4640000	1.21844
4640000	1.21855
4640000	1.21867
4640000	1.21878
4640000	1.21889
4640000	1.21901
4640000	1.21912
4640000	1.21924
4743999	1.21935
4640000	1.21947
4640000	1.21959
4640000	1.2197
4640000	1.21981
4640000	1.21993
4640000	1.22004
4640000	1.22015
4640000	1.22027
4640000	1.22038
4640000	1.22049
4640000	1.22061
4640000	1.22072
4640000	1.22083
4640000	1.22094
4640000	1.22105
4640000	1.22117
4640000	1.22128
4640000	1.22139
4640000	1.22151
4743999	1.22162
4640000	1.22174
4640000	1.22185
4640000	1.22197
4640000	1.22208
4640000	1.22219
528000	1.22231
4640000	1.22225
4640000	1.22247
4640000	1.22258
4640000	1.22269
4640000	1.22281
4640000	1.22292
4640000	1.22303
4640000	1.22314
4640000	1.22325
4640000	1.22337
4640000	1.22348
4640000	1.22359
4640000	1.2237
4640000	1.22381
4640000	1.22392
4640000	1.22403
4640000	1.22414
4640000	1.22426
4640000	1.22437
4743999	1.22448
4640000	1.2246
4640000	1.22471
4640000	1.22482
4640000	1.22493
4640000	1.22505
4640000	1.22516
4640000	1.22526
4640000	1.22537
4640000	1.22549
4640000	1.2256
4640000	1.22571
4640000	1.22582
4640000	1.22593
4640000	1.22604
4640000	1.22615
4640000	1.22626
4640000	1.22637
4640000	1.22648
4640000	1.22659
4743999	1.2267
4640000	1.22681
4640000	1.22693
4640000	1.22704
4640000	1.22715
4640000	1.22725
4640000	1.22737
4640000	1.22747
4640000	1.22758
4640000	1.22769
4640000	1.2278
4640000	1.22791
4640000	1.22802
4640000	1.22813
4640000	1.22824
4640000	1.22834
4640000	1.22846
4640000	1.22856
4640000	1.22867
4640000	1.22878
4743999	1.22889
4640000	1.22901
4640000	1.22911
4640000	1.22922
4640000	1.22933
4640000	1.22944
4640000	1.22955
4640000	1.22966
4640000	1.22976
6680000	1.22987
6680000	1.23015
6680000	1.23046
6680000	1.23078
6680000	1.23109
6680000	1.2314
6680000	1.23171
6680000	1.23202
6680000	1.23234
6680000	1.23265
6680000	1.23296
6784000	1.23327
6680000	1.23359
6680000	1.2339
6680000	1.23421
6680000	1.23452
6680000	1.23483
6680000	1.23514
6680000	1.23545
6680000	1.23576
6680000	1.23607
6680000	1.23638
6680000	1.23669
6680000	1.237
6680000	1.23731
6680000	1.23762
6680000	1.23792
6680000	1.23823
6680000	1.23854
6680000	1.23885
6680000	1.23916
6784000	1.23946
6680000	1.23978
6680000	1.24009
6680000	1.24039
6680000	1.2407
6680000	1.24101
6680000	1.24131
6680000	1.24162
6680000	1.24192
6680000	1.24223
6680000	1.24253
6680000	1.24284
6680000	1.24314
6680000	1.24345
6680000	1.24376
6680000	1.24406
6680000	1.24436
6680000	1.24467
6680000	1.24497
6680000	1.24528
6784000	1.24558
6680000	1.24589
6680000	1.2462
6680000	1.2465
6680000	1.2468
6680000	1.24711
6680000	1.24741
6680000	1.24771
6680000	1.24801
6680000	1.24831
6680000	1.24861
6680000	1.24892
6680000	1.24922
6680000	1.24952
6680000	1.24982
6680000	1.25012
6680000	1.25042
6680000	1.25072
6680000	1.25102
6680000	1.25132
6784000	1.25162
6680000	1.25193
6680000	1.25223
6680000	1.25254
6680000	1.25283
6680000	1.25313
6680000	1.25343
6680000	1.25373
6680000	1.25403
6680000	1.25433
6680000	1.25463
6680000	1.25492
6680000	1.25522
6680000	1.25552
6680000	1.25582
6680000	1.25612
6680000	1.25641
6680000	1.25671
6680000	1.25701
6680000	1.2573
6784000	1.2576
6680000	1.25791
6680000	1.25821
6680000	1.2585
6680000	1.2588
6680000	1.25909
6680000	1.25939
6680000	1.25969
6680000	1.25998
6680000	1.26027
6680000	1.26057
6680000	1.26086
6680000	1.26116
6680000	1.26146
6680000	1.26175
6680000	1.26204
6680000	1.26234
6680000	1.26263
6680000	1.26292
6680000	1.26322
6784000	1.26351
6680000	1.26381
6680000	1.26411
6680000	1.2644
6680000	1.26469
6680000	1.26499
6680000	1.26528
6680000	1.26557
6680000	1.26586
6680000	1.26615
6680000	1.26645
6680000	1.26674
6655999	1.26703
6655999	1.2675
6655999	1.26796
6655999	1.26843
6655999	1.2689
6655999	1.26936
6655999	1.26983
6655999	1.2703
6760000	1.27076
6655999	1.27123
6655999	1.2717
6655999	1.27217
6655999	1.27263
6655999	1.2731
6655999	1.27356
6655999	1.27403
6655999	1.27449
6655999	1.27496
6655999	1.27542
6655999	1.27589
6655999	1.27635
6655999	1.27681
6655999	1.27728
6655999	1.27774
6655999	1.27821
6655999	1.27867
6655999	1.27913
6655999	1.2796
6760000	1.28006
6655999	1.28053
6655999	1.281
6655999	1.28146
6655999	1.28192
6655999	1.28239
6655999	1.28285
6655999	1.28331
6655999	1.28377
6655999	1.28423
6655999	1.28469
6655999	1.28516
6655999	1.28562
6655999	1.28608
6655999	1.28654
6655999	1.287
6655999	1.28746
6655999	1.28792
6655999	1.28838
6655999	1.28884
6760000	1.2893
6655999	1.28977
6655999	1.29023
6655999	1.29069
6655999	1.29115
6655999	1.29161
6655999	1.29207
6655999	1.29253
6655999	1.29299
6655999	1.29345
6655999	1.29391
6655999	1.29437
6655999	1.29483
6655999	1.29529
6655999	1.29574
6655999	1.2962
6655999	1.29666
6655999	1.29712
6655999	1.29758
6655999	1.29804
6655999	1.29849
6655999	1.29895
6655999	1.29941
6655999	1.29987
6655999	1.30032
6655999	1.30078
6655999	1.30124
6655999	1.30169
6655999	1.30215
6655999	1.30261
6655999	1.30307
6655999	1.30353
6655999	1.30399
6655999	1.30444
6655999	1.3049
6655999	1.30535
6655999	1.30581
6655999	1.30626
6655999	1.30672
6655999	1.30718
6655999	1.30763
6655999	1.30809
6655999	1.30854
6655999	1.309
6655999	1.30945
6655999	1.3099
6655999	1.31036
6655999	1.31081
6655999	1.31127
6655999	1.31172
6655999	1.31218
6655999	1.31263
6655999	1.31308
6655999	1.31354
6655999	1.314
6655999	1.31445
6655999	1.31491
6655999	1.31536
6655999	1.31581
6655999	1.31627
6655999	1.31672
6655999	1.31717
6655999	1.31762
6655999	1.31808
6655999	1.31853
6655999	1.31898
6655999	1.31943
6655999	1.31988
6655999	1.32034
6655999	1.32079
6655999	1.32124
6655999	1.32169
6655999	1.32214
6655999	1.32259
6655999	1.32304
6655999	1.32349
6655999	1.32395
6655999	1.3244
6655999	1.32485
6655999	1.3253
6655999	1.32575
6655999	1.3262
6655999	1.32665
6655999	1.3271
6655999	1.32755
6655999	1.328
6655999	1.32845
6655999	1.32889
6655999	1.32934
6655999	1.32979
6655999	1.33024
6655999	1.33069
6655999	1.33114
6655999	1.33159
6760000	1.33204
6655999	1.33249
6655999	1.33294
6655999	1.33339
6655999	1.33384
6655999	1.33429
6655999	1.33473
6655999	1.33518
6655999	1.33563
6655999	1.33608
6655999	1.33652
6655999	1.33697
6655999	1.33742
6655999	1.33787
6655999	1.33831
6655999	1.33876
6655999	1.33921
6655999	1.33965
6655999	1.3401
6655999	1.34054
6760000	1.34099
6680000	1.34144
6655999	1.34171
6655999	1.34216
6655999	1.3426
6655999	1.34305
6655999	1.34349
6655999	1.34394
6655999	1.34438
6655999	1.34483
6655999	1.34527
6655999	1.34572
6655999	1.34616
6655999	1.34661
6655999	1.34705
6655999	1.34749
6655999	1.34794
6655999	1.34838
6655999	1.34883
6655999	1.34927
6760000	1.34971
6655999	1.35016
6655999	1.35061
6655999	1.35105
6655999	1.3515
6655999	1.35194
6655999	1.35238
6655999	1.35282
6655999	1.35327
6655999	1.35371
6655999	1.35415
6655999	1.35459
6655999	1.35504
6655999	1.35548
6655999	1.35592
6655999	1.35636
6655999	1.3568
6655999	1.35724
6655999	1.35769
6655999	1.35813
6655999	1.35857
6655999	1.35901
6655999	1.35945
6655999	1.35989
6655999	1.36033
6655999	1.36077
6655999	1.36121
6655999	1.36165
6655999	1.36209
6655999	1.36253
6655999	1.36297
6655999	1.36341
6655999	1.36385
6655999	1.36429
6655999	1.36473
6655999	1.36517
6655999	1.36561
6655999	1.36605
6655999	1.36649
6655999	1.36693
6655999	1.36736
6655999	1.3678
6655999	1.36824
6655999	1.36868
6655999	1.36912
6655999	1.36956
6655999	1.36999
6655999	1.37043
6655999	1.37087
6760000	1.37131
6655999	1.37175
6655999	1.37219
6655999	1.37263
6655999	1.37307
6655999	1.3735
6655999	1.37394
6655999	1.37438
6655999	1.37481
6655999	1.37525
6655999	1.37569
6655999	1.37612
6655999	1.37656
6655999	1.377
6655999	1.37743
6655999	1.37787
6655999	1.3783
6655999	1.37874
6655999	1.37918
6655999	1.37961
6760000	1.38005
6655999	1.38049
6655999	1.38093
6655999	1.38136
6655999	1.3818
6655999	1.38223
6655999	1.38266
6655999	1.3831
6655999	1.38353
6655999	1.38397
6655999	1.3844
6655999	1.38484
6655999	1.38527
6655999	1.3857
6655999	1.38614
6655999	1.38657
6655999	1.387
6655999	1.38744
6655999	1.38787
6655999	1.3883
6760000	1.38874
6655999	1.38918
6655999	1.38961
6655999	1.39004
6655999	1.39048
6655999	1.39091
6655999	1.39134
6655999	1.39177
6655999	1.39221
6655999	1.39264
6655999	1.39307
6655999	1.3935
6655999	1.39393
6655999	1.39436
6655999	1.39479
6655999	1.39523
6655999	1.39566
6655999	1.39609
6655999	1.39652
6655999	1.39695
6655999	1.39738
6655999	1.39781
6655999	1.39824
6655999	1.39867
6655999	1.3991
6655999	1.39953
6655999	1.39996
6655999	1.40039
6655999	1.40082
6655999	1.40125
6655999	1.40168
6655999	1.40211
6655999	1.40254
6655999	1.40297
6655999	1.4034
6655999	1.40382
6655999	1.40425
6655999	1.40468
6655999	1.40511
6655999	1.40554
6655999	1.40597
6655999	1.4064
6655999	1.40682
6655999	1.40725
6655999	1.40768
6655999	1.40811
6655999	1.40853
6655999	1.40896
6655999	1.40939
6655999	1.40982
6655999	1.41024
6655999	1.41067
6655999	1.4111
6655999	1.41152
6655999	1.41195
6655999	1.41238
6655999	1.4128
6655999	1.41323
6655999	1.41366
6655999	1.41408
6655999	1.41451
6655999	1.41493
6655999	1.41536
6655999	1.41579
6655999	1.41621
6655999	1.41664
6655999	1.41706
6655999	1.41749
6655999	1.41791
6760000	1.41834
6655999	1.41877
6655999	1.4192
6655999	1.41962
6655999	1.42005
6655999	1.42047
6655999	1.42089
6655999	1.42132
6655999	1.42174
6655999	1.42217
6655999	1.42259
6655999	1.42301
6655999	1.42344
6655999	1.42386
6655999	1.42428
6655999	1.42471
6655999	1.42513
6655999	1.42555
6655999	1.42598
6655999	1.4264
6760000	1.42682
6655999	1.42725
6655999	1.42768
6655999	1.4281
6655999	1.42852
6655999	1.42894
6655999	1.42937
6655999	1.42979
6655999	1.43021
6655999	1.43063
6655999	1.43105
6655999	1.43147
6655999	1.4319
6655999	1.43232
6655999	1.43274
6655999	1.43316
6655999	1.43358
6655999	1.434
6655999	1.43442
6655999	1.43484
6760000	1.43526
6655999	1.43569
6655999	1.43611
6655999	1.43653
6655999	1.43695
6655999	1.43737
6655999	1.43779
6655999	1.43821
6655999	1.43863
6655999	1.43905
6655999	1.43947
6655999	1.43989
6655999	1.44031
6655999	1.44073
6655999	1.44115
6655999	1.44156
6655999	1.44198
6655999	1.4424
6655999	1.44282
6655999	1.44324
6655999	1.44366
6655999	1.44407
6655999	1.44449
6655999	1.44491
6655999	1.44533
6655999	1.44575
6655999	1.44616
6655999	1.44658
6655999	1.447
6760000	1.44742
6655999	1.44784
6655999	1.44826
6655999	1.44868
6655999	1.44909
6655999	1.44951
6655999	1.44993
6655999	1.45034
6655999	1.45076
6655999	1.45117
6655999	1.45159
6655999	1.45201
6655999	1.45242
6655999	1.45284
6655999	1.45325
6655999	1.45367
6655999	1.45408
6655999	1.4545
6655999	1.45492
6655999	1.45533
6655999	1.45575
6655999	1.45616
6655999	1.45658
6655999	1.45699
6655999	1.4574
6655999	1.45782
6655999	1.45823
6655999	1.45865
6655999	1.45906
6655999	1.45948
6655999	1.45989
6655999	1.4603
6655999	1.46072
6655999	1.46113
6655999	1.46154
6655999	1.46196
6655999	1.46237
6655999	1.46278
6655999	1.4632
6655999	1.46361
6655999	1.46402
6655999	1.46443
6655999	1.46485
6655999	1.46526
6655999	1.46567
6655999	1.46608
6655999	1.4665
6655999	1.46691
6655999	1.46732
6655999	1.46773
6655999	1.46814
6655999	1.46856
6655999	1.46897
6655999	1.46938
6655999	1.46979
6655999	1.4702
6655999	1.47061
6655999	1.47102
6655999	1.47143
6655999	1.47184
6655999	1.47226
6655999	1.47267
6655999	1.47308
6655999	1.47349
6655999	1.4739
6655999	1.47431
6655999	1.47472
6655999	1.47513
6655999	1.47554
6655999	1.47595
6655999	1.47636
6655999	1.47677
6655999	1.47717
6655999	1.47758
6655999	1.47799
6655999	1.4784
6655999	1.47881
6655999	1.47922
6655999	1.47963
6655999	1.48004
6655999	1.48045
6655999	1.48085
6655999	1.48126
6655999	1.48167
6655999	1.48208
6655999	1.48249
6655999	1.48289
6655999	1.4833
6655999	1.48371
6655999	1.48412
6655999	1.48452
6760000	1.48493
6655999	1.48535
6655999	1.48575
6655999	1.48616
6655999	1.48657
6655999	1.48698
6655999	1.48738
6655999	1.48779
6655999	1.4882
4616000	1.4886
4616000	1.48886
4616000	1.48908
4616000	1.4893
4616000	1.48952
4616000	1.48974
4616000	1.48997
4616000	1.49019
4616000	1.49041
4616000	1.49063
4616000	1.49085
4720000	1.49107
4616000	1.4913
4616000	1.49152
4616000	1.49174
4616000	1.49196
4616000	1.49218
4616000	1.4924
4616000	1.49262
4616000	1.49285
4616000	1.49307
4616000	1.49329
4616000	1.49351
4616000	1.49373
4616000	1.49395
4616000	1.49417
4616000	1.49439
4616000	1.49461
4616000	1.49483
4616000	1.49505
4616000	1.49527
4720000	1.49549
4616000	1.49571
4616000	1.49593
4616000	1.49615
4616000	1.49637
4616000	1.49659
4616000	1.49681
4616000	1.49703
4616000	1.49725
4616000	1.49747
4616000	1.49769
4616000	1.49791
4616000	1.49813
4616000	1.49835
4616000	1.49857
4616000	1.49879
4616000	1.499
4616000	1.49922
4616000	1.49944
4616000	1.49966
4616000	1.49988
4616000	1.5001
4616000	1.50032
4616000	1.50053
4616000	1.50075
4616000	1.50097
4616000	1.50119
4616000	1.50141
4616000	1.50163
4720000	1.50184
4616000	1.50207
4616000	1.50229
4616000	1.50251
4616000	1.50272
4616000	1.50294
4616000	1.50316
4616000	1.50338
4616000	1.5036
4616000	1.50381
4616000	1.50403
4616000	1.50425
4616000	1.50447
4616000	1.50468
4616000	1.5049
4616000	1.50512
4616000	1.50534
4616000	1.50555
4616000	1.50577
4616000	1.50599
4720000	1.5062
4616000	1.50643
4616000	1.50665
528000	1.50686
5144000	1.50679
4616000	1.50712
4616000	1.50734
4616000	1.50756
4616000	1.50778
4616000	1.50799
4616000	1.50821
4616000	1.50843
4640000	1.50864
4640000	1.50866
4616000	1.50887
4616000	1.50909
4616000	1.50931
4616000	1.50952
4640000	1.50974
4640000	1.50976
4640000	1.50978
4640000	1.50981
4640000	1.50983
4640000	1.50985
4640000	1.50988
4640000	1.5099
528000	1.50992
4640000	1.50984
4640000	1.50999
4640000	1.51001
4640000	1.51003
4640000	1.51006
4640000	1.51008
4640000	1.5101
4640000	1.51012
4640000	1.51015
4640000	1.51017
4640000	1.51019
4640000	1.51021
4640000	1.51024
4640000	1.51026
4640000	1.51028
4640000	1.5103
4640000	1.51033
4640000	1.51035
4640000	1.51037
4743999	1.51039
4640000	1.51042
4640000	1.51045
4640000	1.51047
4640000	1.51049
4640000	1.51052
4640000	1.51054
4640000	1.51056
4640000	1.51058
4640000	1.51061
4640000	1.51063
4640000	1.51065
4640000	1.51067
4640000	1.51069
4640000	1.51072
4640000	1.51074
4640000	1.51076
4640000	1.51078
4640000	1.51081
4640000	1.51083
4743999	1.51085
4640000	1.51088
4640000	1.5109
4640000	1.51093
4640000	1.51095
4640000	1.51097
4640000	1.51099
4640000	1.51102
4640000	1.51104
4640000	1.51106
4640000	1.51108
4640000	1.5111
4640000	1.51113
4640000	1.51115
4640000	1.51117
4640000	1.51119
4640000	1.51121
4640000	1.51124
4640000	1.51126
4640000	1.51128
4743999	1.5113
4640000	1.51133
4640000	1.51135
4640000	1.51138
4640000	1.5114
4640000	1.51142
4640000	1.51144
4640000	1.51146
4640000	1.51149
4640000	1.51151
4640000	1.51153
4640000	1.51155
4640000	1.51157
4640000	1.5116
4640000	1.51162
4640000	1.51164
4640000	1.51166
4640000	1.51168
4640000	1.5117
4640000	1.51173
4743999	1.51175
4616000	1.51178
4616000	1.51199
4616000	1.5122
4616000	1.51241
4640000	1.51262
4640000	1.51264
4640000	1.51267
4640000	1.51269
4640000	1.51271
4640000	1.51273
4640000	1.51275
4616000	1.51277
4616000	1.51298
4616000	1.51319
4616000	1.5134
4640000	1.51361
4640000	1.51364
4640000	1.51366
4640000	1.51368
4743999	1.5137
4616000	1.51373
4616000	1.51394
4616000	1.51415
4616000	1.51436
4640000	1.51457
4640000	1.51459
4640000	1.51461
4640000	1.51463
4640000	1.51465
4616000	1.51467
4616000	1.51488
4616000	1.51509
4616000	1.5153
4640000	1.51551
4640000	1.51553
4640000	1.51555
4616000	1.51557
4616000	1.51578
4616000	1.51599
4720000	1.5162
4640000	1.51641
4640000	1.51644
4640000	1.51646
4640000	1.51648
4640000	1.5165
4616000	1.51652
4616000	1.51673
4616000	1.51693
4616000	1.51714
4640000	1.51735
4616000	1.51737
4616000	1.51758
4616000	1.51779
4616000	1.518
4640000	1.5182
4640000	1.51822
4640000	1.51824
4640000	1.51826
4640000	1.51828
4720000	1.5183
4616000	1.51852
4616000	1.51873
4616000	1.51894
4640000	1.51914
4616000	1.51916
4616000	1.51937
4616000	1.51958
4616000	1.51978
4640000	1.51999
4640000	1.52001
4640000	1.52003
4616000	1.52005
4616000	1.52026
4616000	1.52046
4616000	1.52067
4640000	1.52088
4616000	1.5209
4616000	1.5211
4616000	1.52131
4720000	1.52152
4640000	1.52173
4640000	1.52175
4640000	1.52177
4616000	1.52179
4616000	1.522
4616000	1.5222
4616000	1.52241
4616000	1.52262
4616000	1.52282
4640000	1.52303
4640000	1.52305
4640000	1.52306
4616000	1.52308
4616000	1.52329
4616000	1.5235
4616000	1.5237
4640000	1.52391
4616000	1.52393
4616000	1.52413
4720000	1.52434
4616000	1.52455
4640000	1.52476
4616000	1.52477
4616000	1.52498
4616000	1.52519
4616000	1.52539
4640000	1.5256
4616000	1.52561
4616000	1.52582
4616000	1.52603
4616000	1.52623
4640000	1.52644
4616000	1.52645
4616000	1.52666
4616000	1.52686
4616000	1.52707
4616000	1.52727
4616000	1.52748
4640000	1.52768
4743999	1.5277
4616000	1.52772
4616000	1.52793
4616000	1.52813
4616000	1.52834
4640000	1.52854
4616000	1.52856
4616000	1.52876
4616000	1.52897
4616000	1.52917
4616000	1.52938
4616000	1.52958
4616000	1.52979
4616000	1.52999
4616000	1.53019
4616000	1.5304
4640000	1.5306
4640000	1.53062
4640000	1.53063
4616000	1.53065
4720000	1.53085
4616000	1.53106
4616000	1.53127
4616000	1.53147
4616000	1.53168
4616000	1.53188
4616000	1.53208
4616000	1.53229
4616000	1.53249
4640000	1.53269
4616000	1.53271
4616000	1.53291
4616000	1.53312
4616000	1.53332
4616000	1.53352
4616000	1.53372
4640000	1.53393
4616000	1.53394
4616000	1.53415
4616000	1.53435
4720000	1.53455
4616000	1.53476
4616000	1.53496
4616000	1.53517
4616000	1.53537
4616000	1.53557
4616000	1.53577
4640000	1.53598
4616000	1.53599
4616000	1.53619
4616000	1.5364
4616000	1.5366
4616000	1.5368
4616000	1.537
4616000	1.5372
4616000	1.53741
4616000	1.53761
4616000	1.53781
4640000	1.53801
4616000	1.53802
4720000	1.53823
4616000	1.53844
4616000	1.53864
4616000	1.53884
4616000	1.53904
4616000	1.53924
4616000	1.53944
4616000	1.53965
4616000	1.53985
4640000	1.54005
4616000	1.54006
4616000	1.54026
4616000	1.54046
4616000	1.54066
4616000	1.54087
4616000	1.54107
4616000	1.54127
4616000	1.54147
4640000	1.54167
4616000	1.54168
4720000	1.54188
4616000	1.54209
4616000	1.54229
4616000	1.54249
4616000	1.54269
4640000	1.54289
4616000	1.54291
4616000	1.54311
4616000	1.54331
4616000	1.54351
4616000	1.54371
4616000	1.54391
4616000	1.54411
4616000	1.54431
4616000	1.54451
4616000	1.54471
4640000	1.54491
4616000	1.54492
4616000	1.54512
4616000	1.54532
4720000	1.54552
4616000	1.54573
4616000	1.54593
4616000	1.54613
4616000	1.54633
4640000	1.54653
4616000	1.54654
4616000	1.54674
4616000	1.54694
4616000	1.54714
4616000	1.54734
4616000	1.54753
4616000	1.54773
4616000	1.54793
4640000	1.54813
4616000	1.54814
4616000	1.54834
4616000	1.54854
4616000	1.54874
4616000	1.54894
4720000	1.54914
4616000	1.54934
4616000	1.54954
4616000	1.54974
4616000	1.54994
4640000	1.55014
4616000	1.55015
4616000	1.55035
4616000	1.55055
4616000	1.55075
4616000	1.55094
4616000	1.55114
4640000	1.55134
4616000	1.55135
4616000	1.55155
4616000	1.55175
4616000	1.55194
4616000	1.55214
4616000	1.55234
4640000	1.55254
4743999	1.55255
4640000	1.55257
4640000	1.55258
4640000	1.55259
4640000	1.5526
4640000	1.55261
4640000	1.55262
4640000	1.55263
4640000	1.55264
4640000	1.55266
4640000	1.55267
4640000	1.55268
4640000	1.55269
4640000	1.5527
4640000	1.55271
4640000	1.55272
4640000	1.55273
4640000	1.55274
4640000	1.55275
4640000	1.55276
4743999	1.55278
4640000	1.55279
4640000	1.55281
4640000	1.55282
4640000	1.55283
4640000	1.55284
4640000	1.55285
4640000	1.55286
4640000	1.55287
4640000	1.55288
4640000	1.55289
4640000	1.5529
4640000	1.55291
4640000	1.55293
4640000	1.55294
4640000	1.55295
4640000	1.55296
4640000	1.55297
4640000	1.55298
4640000	1.55299
4743999	1.553
4640000	1.55302
4640000	1.55303
4640000	1.55304
4640000	1.55305
4640000	1.55306
4640000	1.55307
4640000	1.55308
4640000	1.5531
4640000	1.55314
4640000	1.55315
4640000	1.55316
4640000	1.55317
4640000	1.55318
4640000	1.55319
4640000	1.5532
4640000	1.55321
4640000	1.55323
4640000	1.55324
4640000	1.55325
4743999	1.55326
4640000	1.55327
4640000	1.55329
4640000	1.5533
4640000	1.55331
4640000	1.55332
4640000	1.55333
4640000	1.55335
4640000	1.55336
4640000	1.55337
4640000	1.55338
4640000	1.55339
4640000	1.5534
4640000	1.55341
4640000	1.55342
4640000	1.55344
4640000	1.55345
4640000	1.55346
4640000	1.55348
4640000	1.55349
4743999	1.5535
4640000	1.55352
4640000	1.55353
4640000	1.55354
4640000	1.55355
4640000	1.55356
4640000	1.55357
4640000	1.55358
4640000	1.5536
4640000	1.55361
4640000	1.55362
4640000	1.55363
4640000	1.55364
4640000	1.55365
4640000	1.55367
4640000	1.55368
4640000	1.55369
4640000	1.5537
4640000	1.55371
4640000	1.55372
4743999	1.55373
4640000	1.55375
4640000	1.55376
4640000	1.55377
4640000	1.55378
4640000	1.55379
4640000	1.55381
4640000	1.55382
4640000	1.55383
4640000	1.55384
4640000	1.55385
4640000	1.55386
4640000	1.55387
4640000	1.55388
4640000	1.55389
4640000	1.5539
4640000	1.55391
4640000	1.55392
4640000	1.55393
4640000	1.55394
4743999	1.55395
4640000	1.55397
4640000	1.55398
4640000	1.55399
6680000	1.554
6680000	1.55416
6680000	1.55433
6680000	1.55451
6680000	1.55469
6680000	1.55486
6680000	1.55504
6680000	1.55521
6680000	1.55539
6680000	1.55557
6680000	1.55575
6680000	1.55593
6680000	1.5561
6680000	1.55628
6680000	1.55645
6680000	1.55663
6784000	1.5568
6680000	1.55699
6680000	1.55716
6680000	1.55734
6680000	1.55751
6680000	1.55769
6680000	1.55786
6680000	1.55804
6680000	1.55821
6680000	1.55839
6680000	1.55856
6680000	1.55874
6680000	1.55891
6680000	1.55909
6680000	1.55926
6680000	1.55943
6680000	1.55961
6680000	1.55978
6680000	1.55996
6680000	1.56013
6784000	1.5603
6680000	1.56048
6680000	1.56066
6680000	1.56083
6680000	1.56101
6680000	1.56118
6680000	1.56135
6680000	1.56153
6680000	1.5617
6680000	1.56187
6680000	1.56204
6680000	1.56222
6680000	1.56239
6680000	1.56256
6680000	1.56273
6680000	1.56291
6680000	1.56308
6680000	1.56325
6680000	1.56342
6680000	1.5636
6784000	1.56377
6680000	1.56395
6680000	1.56412
6680000	1.56429
6680000	1.56446
6680000	1.56464
6680000	1.56481
6680000	1.56498
6680000	1.56515
6680000	1.56532
6680000	1.56549
6680000	1.56567
6680000	1.56584
6680000	1.56601
6680000	1.56618
6680000	1.56635
6680000	1.56652
6680000	1.56669
6680000	1.56686
6680000	1.56703
6784000	1.5672
6680000	1.56738
6680000	1.56755
6680000	1.56772
6680000	1.56789
6680000	1.56806
6680000	1.56823
6680000	1.5684
6680000	1.56857
6680000	1.56875
6680000	1.56892
6680000	1.56909
6680000	1.56926
6680000	1.56943
6680000	1.5696
6680000	1.56977
6680000	1.56994
6680000	1.57011
6680000	1.57028
6680000	1.57044
6784000	1.57061
6680000	1.57079
6680000	1.57096
6680000	1.57113
6680000	1.5713
6680000	1.57147
6655999	1.57164
6655999	1.57199
6655999	1.57234
6655999	1.57269
6655999	1.57303
6655999	1.57338
6655999	1.57373
6655999	1.57408
6655999	1.57442
6655999	1.57477
6655999	1.57512
6655999	1.57546
6655999	1.57581
6655999	1.57616
6760000	1.5765
6655999	1.57686
6655999	1.5772
6655999	1.57755
6655999	1.5779
6655999	1.57824
6655999	1.57859
6655999	1.57893
6655999	1.57928
6655999	1.57963
6655999	1.57998
6655999	1.58033
6655999	1.58067
6655999	1.58102
6655999	1.58136
6655999	1.58171
6655999	1.58205
6655999	1.5824
6655999	1.58274
6655999	1.58309
6655999	1.58343
6655999	1.58378
6655999	1.58412
6655999	1.58447
6655999	1.58481
6655999	1.58516
6655999	1.5855
6655999	1.58585
6655999	1.58619
6655999	1.58654
6655999	1.58688
6655999	1.58722
6655999	1.58757
6655999	1.58791
6655999	1.58826
6655999	1.5886
6655999	1.58894
6655999	1.58929
6655999	1.58963
6655999	1.58997
6655999	1.59032
6655999	1.59066
6655999	1.591
6655999	1.59135
6655999	1.59169
6655999	1.59203
6655999	1.59237
6760000	1.59272
6655999	1.59307
6655999	1.59341
6655999	1.59375
6655999	1.5941
6655999	1.59444
6655999	1.59478
6655999	1.59512
6655999	1.59547
6655999	1.59581
6655999	1.59615
6655999	1.59649
6655999	1.59683
6655999	1.59718
6655999	1.59752
6655999	1.59786
6655999	1.5982
6655999	1.59854
6655999	1.59888
6655999	1.59922
6760000	1.59957
6655999	1.59991
6655999	1.60026
6655999	1.6006
6655999	1.60094
6655999	1.60128
6655999	1.60162
6655999	1.60196
6655999	1.6023
6655999	1.60264
6655999	1.60298
6655999	1.60332
6655999	1.60366
6655999	1.604
6655999	1.60434
6655999	1.60468
6655999	1.60502
6655999	1.60536
6655999	1.6057
6655999	1.60604
6760000	1.60638
6655999	1.60673
6655999	1.60707
6655999	1.60741
6655999	1.60775
6655999	1.60809
6655999	1.60843
6655999	1.60877
6655999	1.6091
6655999	1.60944
6655999	1.60978
6655999	1.61012
6655999	1.61046
6655999	1.6108
6655999	1.61114
6655999	1.61148
6655999	1.61181
6655999	1.61215
6655999	1.61249
6655999	1.61283
6655999	1.61317
6655999	1.61351
6655999	1.61384
6655999	1.61418
6655999	1.61452
6655999	1.61486
6655999	1.61519
6655999	1.61553
6655999	1.61587
6655999	1.61621
6655999	1.61654
6655999	1.61688
6760000	1.61722
6655999	1.61756
6655999	1.6179
6655999	1.61824
6655999	1.61858
6655999	1.61891
6655999	1.61925
6655999	1.61959
6655999	1.61992
6655999	1.62026
6655999	1.62059
6680000	1.62093
6655999	1.62109
6655999	1.62142
6655999	1.62176
6655999	1.62209
6655999	1.62243
6655999	1.62277
6655999	1.6231
6655999	1.62344
6760000	1.62377
6655999	1.62412
6655999	1.62445
6655999	1.62479
6655999	1.62512
6655999	1.62546
6655999	1.62579
6655999	1.62613
6655999	1.62646
6655999	1.6268
6655999	1.62713
6655999	1.62747
6655999	1.6278
6655999	1.62814
6655999	1.62847
6655999	1.62881
6655999	1.62914
6655999	1.62948
6655999	1.62981
6655999	1.63014
6760000	1.63048
6655999	1.63082
6655999	1.63116
6655999	1.63149
6655999	1.63182
6655999	1.63216
6655999	1.63249
6655999	1.63282
6655999	1.63316
6655999	1.63349
6655999	1.63382
6655999	1.63416
6655999	1.63449
6655999	1.63482
6655999	1.63516
6655999	1.63549
6655999	1.63582
6655999	1.63616
6655999	1.63649
6655999	1.63682
6655999	1.63715
6655999	1.63749
6655999	1.63782
6655999	1.63815
6655999	1.63848
6680000	1.63882
6784000	1.63897
6680000	1.63912
6680000	1.63927
6680000	1.63942
6680000	1.63957
6680000	1.63972
6680000	1.63987
6680000	1.64002
6680000	1.64017
6680000	1.64032
6680000	1.64046
6680000	1.64061
6680000	1.64076
6680000	1.64091
6680000	1.64106
6680000	1.64121
6680000	1.64136
6680000	1.6415
6680000	1.64165
6680000	1.6418
6680000	1.64195
528000	1.6421
6680000	1.64206
6680000	1.64228
6680000	1.64243
6680000	1.64258
6680000	1.64273
6680000	1.64288
6680000	1.64302
6680000	1.64317
6680000	1.64332
6680000	1.64347
6680000	1.64361
6680000	1.64376
6680000	1.64391
6680000	1.64406
6680000	1.6442
6680000	1.64435
6680000	1.6445
6680000	1.64464
6680000	1.64479
6784000	1.64494
6680000	1.64509
6680000	1.64524
6680000	1.64539
6680000	1.64553
6680000	1.64568
6680000	1.64583
6680000	1.64597
6680000	1.64612
6680000	1.64626
6680000	1.64641
6680000	1.64656
6680000	1.6467
6680000	1.64685
6680000	1.64699
6680000	1.64714
6680000	1.64729
6680000	1.64743
6680000	1.64758
6680000	1.64772
6784000	1.64787
6680000	1.64802
6680000	1.64817
6680000	1.64831
6680000	1.64846
6655999	1.6486
6655999	1.64893
6655999	1.64926
6655999	1.64958
6680000	1.64991
6680000	1.65005
6680000	1.6502
6680000	1.65034
6680000	1.65049
6680000	1.65063
6680000	1.65078
6655999	1.65092
6655999	1.65125
6655999	1.65157
6655999	1.6519
6680000	1.65222
528000	1.65236
6680000	1.65232
6680000	1.65255
6680000	1.65269
6680000	1.65284
6655999	1.65298
6655999	1.6533
6655999	1.65363
6655999	1.65395
6680000	1.65428
6680000	1.65442
6680000	1.65456
6680000	1.65471
6680000	1.65485
6655999	1.65499
